kuenm_practice/Projection_variables/current/bio_5.asc
NCOLS 360 
NROWS 210 
XLLCORNER -125 
YLLCORNER 20 
CELLSIZE 0.166666666666667 
NODATA_value -32768 
[rows 78 to 116 of 210, columns 176 to 263 of 360]
298 295 295 296 298 301 303 303 302 300 298 297 296 294 293 293 292 291 292 293 294 295 295 296 297 297 295 294 293 292 290 290 290 291 289 287 285 285 286 286 286 287 288 288 289 289 288 287 286 285 284 283 282 283 283 284 285 284 283 284 286 285 283 281 279 277 277 279 281 283 285 287 289 289 284 278 275 276 279 282 284 284 283 280 277 274 273 272
299 297 298 298 300 300 302 302 302 301 299 298 298 297 298 297 295 293 293 294 295 296 297 299 300 300 298 295 294 294 292 292 293 293 292 290 288 286 286 286 286 288 289 290 291 293 291 291 290 289 288 287 285 284 284 285 286 286 286 286 285 283 282 280 279 279 281 283 285 286 287 290 293 293 288 282 278 277 279 282 284 285 284 282 279 277 274 270
300 298 299 300 301 300 301 303 303 302 301 301 301 300 300 300 299 297 296 297 298 299 300 301 304 303 301 299 296 294 293 293 294 295 294 293 291 289 288 288 288 289 290 291 292 292 291 290 291 290 290 288 285 284 287 289 288 288 287 286 284 283 282 281 281 283 285 287 288 288 288 291 295 294 290 285 282 280 282 283 286 287 286 284 280 275 269 267
301 300 299 301 302 302 302 303 303 303 303 303 302 303 303 303 302 301 300 300 301 302 302 303 304 305 303 302 299 296 296 295 296 297 296 295 295 295 294 292 289 290 291 294 294 292 291 290 289 289 289 288 287 288 291 292 292 289 287 286 285 284 284 286 286 287 289 290 290 290 289 290 292 292 290 287 284 283 283 284 286 288 285 282 279 275 272 273
303 302 302 303 303 303 305 304 303 303 302 302 303 303 304 304 304 303 302 302 304 306 306 305 305 305 304 304 300 298 296 296 296 295 294 295 296 300 298 295 291 291 293 294 294 294 292 291 290 290 290 291 290 291 292 294 293 290 287 286 285 286 288 289 290 290 291 291 291 290 289 288 290 291 290 288 284 283 282 281 283 285 283 278 280 278 277 279
306 307 308 306 305 305 304 303 302 302 301 302 303 304 304 304 303 302 304 304 305 307 307 306 304 303 301 303 303 301 299 297 296 296 295 295 297 302 300 297 295 294 294 295 295 294 293 292 292 291 292 292 292 292 293 293 291 288 287 287 288 289 291 292 292 292 292 292 291 290 288 287 288 290 291 288 284 282 280 280 280 281 279 279 282 281 281 282
309 309 310 307 307 305 304 303 301 302 302 302 303 303 304 304 304 303 304 307 308 309 308 306 304 302 301 302 302 301 300 298 298 298 296 295 299 303 301 298 297 297 296 296 295 295 294 293 292 293 293 293 293 294 294 292 290 288 288 289 291 293 292 293 293 294 294 293 292 290 288 288 289 291 291 288 284 281 279 278 278 279 279 281 282 282 282 282
311 310 309 307 307 306 305 304 302 302 305 304 304 304 304 304 305 305 306 307 309 310 310 307 305 303 302 303 302 301 302 301 301 300 298 298 300 300 301 301 299 298 297 297 297 296 294 293 293 293 293 293 294 295 294 293 290 287 288 290 292 292 292 293 294 294 294 293 292 290 288 289 292 293 292 289 284 279 276 279 278 280 280 280 283 284 283 282
313 310 310 309 308 308 308 308 306 306 307 308 307 305 305 305 305 307 306 308 310 311 310 309 306 305 304 304 304 303 303 304 303 302 302 302 302 302 302 302 301 299 297 296 296 295 294 293 293 292 293 293 294 296 295 293 289 287 288 290 290 289 290 291 293 293 293 292 291 289 288 289 292 292 292 290 286 279 278 279 280 280 282 280 284 286 285 282
316 313 311 311 309 309 311 313 310 309 309 310 309 307 307 306 306 308 307 308 311 311 310 309 309 306 304 305 305 305 305 304 306 307 307 305 304 304 305 304 301 299 297 297 296 295 294 293 293 293 294 295 296 296 296 294 291 290 290 290 289 288 288 288 289 290 291 290 289 287 288 285 288 291 291 289 287 281 281 283 283 283 284 282 284 288 285 282
319 317 314 312 310 311 312 314 312 312 310 311 310 309 309 308 307 308 307 308 310 311 310 310 310 308 306 305 306 306 305 306 307 309 307 305 305 305 305 304 302 301 299 298 297 297 295 295 294 295 296 295 294 294 296 295 293 292 291 290 290 290 288 287 287 288 290 290 289 287 287 287 288 290 290 290 289 284 283 286 285 286 286 287 287 285 285 282
322 319 316 313 312 312 311 311 312 313 311 311 312 312 312 311 309 309 307 308 309 310 310 310 311 310 306 305 305 307 306 308 308 307 306 306 306 307 307 305 304 303 302 301 299 299 298 297 297 298 297 296 295 295 296 295 294 293 293 291 290 290 287 285 286 288 290 292 293 290 288 290 289 292 291 293 293 287 287 290 289 289 288 287 290 288 283 281
321 319 318 315 314 313 311 311 312 312 314 312 314 314 314 314 312 310 309 309 311 312 312 312 313 311 305 305 305 306 308 308 305 305 305 306 307 307 308 306 305 304 304 305 304 302 300 299 299 301 300 298 296 295 295 295 296 295 294 293 291 290 287 287 289 290 292 293 296 295 291 289 288 290 291 294 295 292 291 290 289 289 289 288 290 289 283 281
320 319 318 317 317 316 314 311 312 312 313 315 316 316 315 315 312 312 311 311 313 315 316 317 314 311 309 307 305 307 309 306 304 304 305 307 308 309 309 308 307 306 306 307 307 305 303 302 302 303 302 300 298 297 296 297 298 297 296 296 294 292 289 291 293 292 294 296 299 296 290 287 287 289 291 293 294 291 291 290 289 288 287 289 290 288 285 284
321 319 320 321 317 317 316 313 312 313 314 316 315 315 314 312 312 313 312 312 315 317 319 320 317 312 311 312 308 309 309 306 305 305 307 309 310 311 311 311 309 308 307 307 307 306 304 303 303 304 303 301 300 298 298 298 298 298 298 297 295 294 294 296 297 296 296 297 296 294 289 287 287 287 290 294 294 290 290 291 290 290 289 291 292 291 289 289
322 321 320 320 319 319 318 316 314 314 315 317 318 317 314 310 312 313 313 312 314 317 319 319 316 313 310 312 315 312 312 308 307 307 309 311 312 313 313 312 311 309 308 306 306 306 306 306 306 305 303 303 300 299 298 298 298 299 300 299 296 295 297 301 300 299 301 299 296 293 290 288 287 288 290 293 294 291 290 291 291 292 292 292 293 295 292 291
321 322 321 321 322 320 316 317 317 316 317 318 319 319 316 313 314 313 313 313 314 315 317 317 315 314 313 312 316 317 314 311 310 309 310 312 314 315 313 312 312 310 309 308 308 308 308 309 309 306 305 304 302 300 299 298 298 299 302 301 299 297 299 300 301 302 300 300 297 294 291 289 288 290 290 292 296 294 292 292 293 294 294 295 295 294 292 292
320 321 321 322 320 318 318 317 317 318 316 317 318 318 319 317 316 316 316 316 314 314 315 315 315 315 316 317 316 319 316 312 310 310 311 313 315 315 314 313 312 311 311 310 309 309 310 311 312 309 307 306 304 302 300 300 300 300 303 303 302 300 300 301 303 301 301 302 298 294 292 290 290 293 292 296 297 294 294 295 297 297 297 297 294 295 293 293
320 320 321 321 319 315 315 315 316 316 317 317 318 318 318 318 318 318 318 318 315 314 315 316 317 315 315 317 319 319 318 316 314 314 314 314 315 315 314 314 313 312 312 311 310 310 311 312 313 311 309 309 307 304 302 301 300 303 304 305 304 302 302 302 302 302 299 300 299 295 293 292 294 296 294 297 296 296 296 298 300 301 300 299 296 295 294 293
320 320 320 320 320 317 316 317 319 319 319 318 316 316 317 317 317 318 320 320 316 315 316 318 319 319 316 316 316 317 319 318 318 318 315 314 314 314 314 314 314 314 314 313 311 311 312 313 312 311 312 311 309 306 303 303 303 304 306 307 305 304 305 305 303 302 299 300 298 297 296 296 296 297 293 297 299 299 298 299 301 300 300 299 298 295 294 292
324 323 324 323 324 321 320 323 322 321 320 318 317 316 315 316 317 318 322 320 319 318 319 318 321 318 321 321 319 317 317 319 321 319 315 315 315 315 314 314 314 314 313 312 313 314 314 314 313 312 313 311 309 305 304 303 302 302 303 307 306 306 304 305 302 301 300 300 299 298 297 298 298 297 297 296 300 303 301 300 299 298 299 298 298 295 294 291
324 325 326 326 326 325 323 324 324 323 323 321 320 318 316 314 315 318 321 321 320 319 319 320 320 318 319 320 320 319 317 318 320 318 318 317 316 315 314 313 312 312 313 312 313 317 317 315 313 312 312 311 309 304 303 303 304 304 304 309 308 306 304 304 305 302 300 300 300 300 300 299 298 295 296 297 300 302 303 301 300 298 298 300 298 294 291 289
326 327 327 327 327 327 327 326 324 323 324 323 322 321 319 318 319 323 323 323 322 318 319 318 318 319 319 319 319 318 317 318 318 318 319 318 317 316 315 314 313 312 313 314 315 318 318 316 314 314 312 312 310 307 304 306 306 306 307 312 309 308 307 304 305 304 302 300 301 300 300 302 301 298 296 298 300 300 302 300 298 297 296 296 293 289 287 284
329 328 327 328 327 328 328 327 326 326 325 324 323 322 320 320 322 324 324 321 320 317 320 318 318 318 319 319 317 317 316 316 319 319 320 319 318 317 317 315 314 313 314 315 316 318 317 316 315 315 314 313 312 310 307 308 307 307 309 312 311 310 309 306 305 304 302 301 301 300 300 302 303 300 298 299 299 300 301 299 297 297 294 290 288 283 282 280
331 330 328 328 330 331 330 328 326 325 325 325 323 322 322 322 322 322 322 320 320 320 320 319 320 320 320 319 316 315 316 313 316 319 321 320 318 318 318 315 313 313 315 317 317 318 317 317 317 316 315 313 313 311 310 308 307 307 308 313 312 310 309 307 306 305 303 303 303 303 303 301 300 302 301 300 300 301 301 301 298 298 292 286 279 274 274 276
331 331 330 329 331 331 330 327 325 324 325 325 322 322 322 320 321 319 319 321 319 319 318 318 319 320 318 317 316 317 314 314 314 318 320 321 320 318 317 314 312 313 317 317 317 317 317 316 316 316 315 314 312 310 310 307 306 306 306 310 313 311 309 306 305 304 305 304 303 304 302 300 302 304 303 303 302 303 301 304 303 294 291 282 274 272 267 263
333 331 331 331 330 330 329 326 323 323 323 323 322 321 320 320 319 316 317 318 317 317 316 316 318 318 317 317 318 314 317 318 316 316 319 321 321 318 314 312 312 312 313 313 315 316 317 316 316 316 315 314 313 312 310 309 308 307 308 308 311 311 307 304 301 302 303 302 301 299 300 301 304 307 306 303 303 305 305 303 301 298 293 289 283 277 267 264
334 331 331 331 330 329 327 325 323 322 322 322 320 320 319 317 317 316 314 317 315 316 318 318 320 320 318 319 321 322 320 319 318 317 319 323 321 321 316 316 315 315 314 314 315 315 317 318 317 317 315 314 313 311 311 310 310 310 309 310 310 309 306 303 300 299 298 300 297 296 296 300 302 305 305 302 300 302 302 302 297 294 291 287 284 275 269 275
335 333 332 331 329 328 327 326 324 321 318 318 318 317 316 315 314 314 316 317 314 317 318 318 320 323 322 321 323 324 324 321 321 319 320 324 324 321 320 320 319 318 316 315 316 315 316 318 317 317 315 313 312 313 313 313 312 310 311 313 314 312 308 304 302 299 299 300 298 297 296 298 299 301 302 299 297 294 292 293 293 290 282 276 279 270 272 275
337 335 333 332 329 328 325 323 322 319 317 314 314 315 316 315 314 316 319 318 316 317 317 319 320 322 322 325 324 326 324 324 323 325 325 326 324 323 323 322 320 320 319 318 318 317 316 316 316 316 315 313 313 313 314 315 314 312 312 310 311 310 307 303 301 301 301 300 299 297 296 297 297 296 294 294 293 282 285 286 285 283 279 276 270 262 266 273
339 336 333 333 331 329 323 321 319 317 313 312 313 315 316 318 320 323 324 325 323 321 319 320 321 322 322 324 325 324 326 327 328 329 328 328 326 324 324 323 321 320 320 319 318 317 316 317 316 316 315 314 314 313 315 317 316 315 312 309 308 307 307 305 303 301 301 300 300 299 301 298 291 289 287 280 273 281 270 283 286 280 273 272 277 271 276 280
341 338 336 334 332 329 324 319 318 315 313 315 317 316 321 325 326 326 327 326 325 323 320 322 323 323 324 324 327 327 328 330 331 332 332 330 327 325 324 323 321 319 319 319 319 317 316 316 317 319 320 318 316 314 313 314 313 313 312 308 309 309 305 301 299 298 299 298 300 302 300 297 295 287 290 289 288 286 293 289 287 284 286 282 268 260 265 273
341 337 336 335 333 331 327 322 319 316 314 319 322 321 323 329 329 331 331 328 329 325 323 324 324 324 327 327 329 330 331 332 332 333 332 330 327 325 324 323 321 319 319 318 318 317 316 315 319 325 323 320 316 314 312 311 312 312 312 310 309 308 306 302 294 294 296 294 294 299 291 294 297 296 296 296 296 298 301 297 292 291 274 264 248 262 267 273
338 336 337 335 332 329 326 322 319 317 319 321 322 320 321 326 333 332 333 329 331 329 327 328 329 326 328 330 331 332 332 332 332 333 332 329 327 325 323 322 321 320 320 318 318 317 314 316 320 323 322 318 315 314 315 316 316 316 312 313 311 305 302 299 291 293 294 292 289 296 299 301 300 299 299 300 303 299 297 298 295 276 270 259 253 262 265 278
338 337 338 334 330 329 327 322 320 318 320 319 319 316 316 322 327 330 332 332 332 331 330 331 332 332 332 332 332 332 332 331 333 332 330 328 326 324 323 322 321 320 320 319 319 317 317 316 318 319 320 318 317 319 320 318 318 317 316 313 309 305 298 291 290 293 292 287 287 303 303 301 301 304 304 306 305 299 297 287 280 266 262 255 261 275 296 303
340 339 338 333 330 330 328 324 321 320 319 317 317 311 315 323 325 328 329 328 330 334 333 334 336 337 336 337 334 334 331 333 332 330 328 327 326 324 323 322 321 320 320 320 319 318 317 316 317 318 317 317 318 320 319 317 315 314 314 312 309 303 291 288 290 294 297 292 301 306 304 306 304 303 307 306 304 290 273 271 262 246 249 270 286 301 302 299
340 341 339 335 333 331 328 322 319 315 315 313 310 310 314 321 323 327 324 325 329 332 335 335 335 337 340 340 338 334 333 333 331 329 329 328 327 325 324 323 321 320 320 320 319 319 319 318 318 318 316 315 317 317 317 318 316 312 308 310 309 304 292 289 289 293 305 308 308 308 309 306 304 303 300 298 290 284 266 263 263 265 271 301 309 305 306 307
341 341 341 336 335 331 328 325 321 317 313 316 315 314 318 315 316 316 321 322 322 325 329 335 338 339 340 340 339 336 335 333 331 329 329 329 326 326 326 325 323 320 320 321 320 320 318 317 318 319 318 316 317 316 316 317 314 309 308 310 307 300 294 296 295 308 308 309 309 309 307 297 291 286 266 273 265 284 288 259 249 289 303 312 310 311 311 312
341 342 342 340 336 335 335 335 331 332 332 325 325 325 328 326 324 322 327 330 331 330 328 331 334 338 339 339 338 336 335 333 331 330 329 328 328 327 326 325 324 322 322 322 323 321 318 316 315 316 318 318 318 319 318 316 311 308 308 305 295 293 301 296 309 312 309 308 310 306 287 271 256 247 253 259 272 280 288 277 282 302 307 301 306 311 313 312
