kuenm_practice/Projection_variables/current/bio_5.asc
NCOLS 360 
NROWS 210 
XLLCORNER -125 
YLLCORNER 20 
CELLSIZE 0.166666666666667 
NODATA_value -32768 
[rows 0 to 38 of 210, columns 264 to 351 of 360]
-32768 -32768 -32768 -32768 -32768 -32768 -32768 -32768 169 167 166 165 164 162 161 159 158 157 155 154 154 154 155 156 157 159 159 157 156 156 157 158 157 157 159 159 160 160 159 158 157 158 159 159 159 160 160 161 161 161 161 162 162 162 162 162 163 163 163 162 163 163 161 162 163 165 165 165 165 164 164 164 165 164 165 166 166 167 167 167 166 164 166 166 170 171 173 174
-32768 -32768 -32768 -32768 -32768 -32768 -32768 170 170 169 167 166 164 163 162 162 161 160 159 158 157 158 158 158 158 158 160 161 159 158 158 159 159 159 160 160 160 159 160 160 161 162 161 161 162 162 162 162 162 162 163 163 163 163 162 163 163 163 163 163 163 164 163 163 164 165 165 165 166 167 167 167 168 167 166 167 167 167 168 168 168 167 166 167 168 171 174 176
-32768 -32768 -32768 -32768 -32768 -32768 -32768 172 171 170 169 168 167 165 163 163 162 162 162 162 162 162 162 162 162 161 161 162 163 162 160 161 162 162 163 163 163 162 162 162 162 163 162 162 162 162 162 163 163 163 163 164 164 164 164 165 165 165 164 164 164 165 166 165 164 165 167 167 166 167 168 169 169 169 167 167 167 167 168 169 168 168 168 167 169 174 176 177
-32768 -32768 -32768 -32768 -32768 -32768 -32768 -32768 173 172 171 171 169 167 167 165 165 165 165 164 165 166 166 166 166 166 166 166 166 165 165 166 166 166 165 165 166 164 165 164 164 164 163 163 164 164 164 165 165 165 165 165 166 166 166 166 166 166 166 165 163 164 165 166 166 167 168 168 168 168 169 170 170 170 170 170 169 169 170 170 170 170 170 170 172 173 177 178
-32768 -32768 183 -32768 -32768 -32768 -32768 -32768 -32768 174 174 172 171 170 170 169 168 168 168 168 168 169 169 169 169 169 169 169 170 170 170 169 169 170 169 168 167 164 166 166 166 165 166 166 166 166 167 167 167 166 167 167 167 168 168 167 167 166 165 165 165 165 166 166 167 168 169 169 169 170 170 171 171 171 171 171 172 172 171 171 171 172 172 172 173 173 176 179
-32768 -32768 -32768 -32768 -32768 -32768 -32768 -32768 -32768 176 175 175 174 173 173 172 171 172 171 172 172 172 172 171 171 172 172 173 173 172 171 173 173 172 171 171 172 172 170 169 169 169 170 169 168 169 170 170 168 168 168 168 168 169 168 168 169 167 164 165 166 167 168 168 168 169 170 171 171 171 172 172 172 172 171 171 172 172 171 171 171 173 173 173 175 177 176 180
-32768 -32768 -32768 -32768 -32768 -32768 182 -32768 -32768 -32768 -32768 176 176 176 175 175 175 175 175 176 176 176 175 174 175 175 176 176 175 174 173 174 174 175 174 174 174 174 174 175 173 172 171 171 172 172 172 172 171 170 170 169 168 169 170 170 169 168 168 168 168 168 169 169 170 171 171 172 172 172 173 174 174 173 173 173 172 171 172 171 172 172 173 174 175 177 178 181
-32768 -32768 -32768 -32768 -32768 -32768 -32768 -32768 -32768 -32768 178 179 178 178 178 179 179 180 180 181 181 180 179 179 179 179 178 178 178 176 175 175 176 176 175 176 176 176 176 176 176 176 176 175 174 173 173 173 173 173 173 172 171 171 171 171 171 171 170 169 170 169 170 171 171 172 172 172 173 173 174 174 174 175 175 174 174 174 174 174 174 173 174 175 177 176 178 182
-32768 -32768 -32768 -32768 -32768 -32768 -32768 186 -32768 -32768 183 182 181 180 180 180 180 181 182 183 183 182 182 182 181 181 181 180 180 178 177 178 178 178 177 177 178 179 178 177 176 175 175 174 174 174 174 174 174 174 173 173 174 173 173 173 172 172 172 171 171 171 171 171 173 173 173 172 173 174 174 175 175 176 176 175 176 176 175 176 176 174 173 173 174 175 181 183
-32768 -32768 -32768 -32768 -32768 190 189 186 -32768 -32768 -32768 183 183 183 182 182 182 183 184 185 185 185 183 183 183 183 183 182 181 181 180 180 179 179 178 178 178 180 179 178 177 178 178 176 176 175 175 175 175 175 174 174 174 174 175 174 174 172 172 173 173 173 173 173 173 173 174 174 174 175 175 176 177 177 177 177 176 176 176 176 176 176 176 176 175 178 181 183
-32768 -32768 -32768 -32768 -32768 191 191 191 189 -32768 -32768 186 186 185 184 184 184 185 185 186 186 185 185 185 185 185 185 185 184 183 182 181 180 181 180 179 179 180 180 179 179 178 178 176 177 177 177 177 176 176 176 175 174 175 176 175 175 174 174 175 175 175 175 174 174 173 172 174 175 175 176 177 176 177 176 178 178 176 177 176 176 177 177 178 177 180 182 184
203 -32768 -32768 -32768 -32768 -32768 192 192 -32768 -32768 -32768 189 188 187 186 186 186 186 186 186 186 186 186 186 187 187 186 186 185 185 185 183 182 182 181 180 180 181 181 181 182 181 181 181 180 180 179 179 179 179 178 178 178 177 177 176 175 176 176 177 178 178 177 176 175 174 172 172 172 174 176 176 175 176 176 179 179 179 178 178 178 178 178 177 179 183 184 184
204 204 -32768 -32768 -32768 -32768 -32768 -32768 -32768 -32768 -32768 190 190 190 189 189 188 188 188 188 188 188 188 188 188 189 189 189 188 188 187 186 185 184 184 183 183 183 183 182 182 181 181 183 183 181 180 180 179 180 179 179 178 177 177 176 176 177 178 178 179 179 179 179 178 176 176 176 176 177 176 177 177 176 177 180 178 179 178 179 181 179 179 180 181 182 184 186
206 205 -32768 -32768 -32768 -32768 -32768 -32768 -32768 -32768 192 192 191 191 191 190 191 190 191 190 191 191 190 189 189 190 190 190 190 190 189 189 189 188 187 187 185 185 185 184 184 182 183 184 184 183 182 181 180 180 181 181 181 181 180 179 179 180 179 179 180 181 181 180 179 179 179 178 179 177 179 179 179 179 180 181 180 180 181 181 181 182 179 181 182 183 186 188
-32768 -32768 -32768 -32768 -32768 -32768 -32768 -32768 198 -32768 196 196 193 193 192 192 192 192 192 192 192 191 191 192 192 192 192 192 193 192 191 191 190 189 188 187 186 187 187 186 185 185 185 185 184 184 184 183 182 182 183 185 185 184 183 183 182 182 182 182 181 181 181 181 180 180 182 183 182 180 179 181 181 180 181 182 181 181 182 182 181 182 183 183 185 186 188 190
-32768 -32768 -32768 -32768 -32768 -32768 -32768 -32768 -32768 -32768 -32768 -32768 -32768 194 194 194 193 194 194 193 194 194 194 195 194 194 194 194 194 192 192 191 191 192 192 190 190 190 189 188 188 188 188 187 186 186 186 185 185 185 186 185 185 185 185 185 185 183 182 180 178 177 173 175 176 182 182 185 182 181 182 181 181 180 184 183 181 181 183 184 186 185 184 187 186 189 190 189
-32768 -32768 -32768 -32768 -32768 -32768 -32768 -32768 -32768 201 -32768 199 -32768 -32768 196 196 197 197 197 196 196 196 196 196 196 196 196 196 196 196 196 194 194 194 194 194 194 193 193 192 192 192 190 190 189 190 190 189 189 188 187 186 184 183 180 181 179 178 179 177 175 173 173 177 179 180 182 184 186 184 184 185 184 183 185 184 185 184 187 188 189 187 186 188 190 190 188 188
218 -32768 -32768 -32768 -32768 -32768 -32768 -32768 206 204 203 201 200 201 199 199 199 198 198 198 198 197 196 197 197 198 198 198 196 197 197 197 197 196 196 195 195 195 194 195 194 193 193 193 193 193 192 191 190 190 188 185 181 177 178 182 179 179 177 178 178 176 177 180 183 179 180 181 185 188 188 189 190 190 191 190 189 186 189 190 190 189 189 190 191 192 189 190
219 218 -32768 -32768 -32768 -32768 -32768 -32768 207 205 205 204 204 203 202 202 201 201 201 200 200 199 199 200 200 201 201 200 200 198 198 198 198 199 198 197 196 196 195 195 196 196 196 195 195 195 194 194 193 186 184 182 179 179 184 184 182 182 183 182 181 180 181 185 185 186 183 187 187 192 193 192 189 189 192 195 192 190 191 193 192 192 191 192 191 191 193 191
220 219 219 -32768 -32768 -32768 -32768 -32768 -32768 -32768 208 207 207 206 205 204 204 204 203 202 202 202 202 203 203 203 203 202 202 201 200 201 200 200 200 200 199 198 197 197 198 197 198 197 196 196 195 194 186 182 182 183 183 185 188 189 187 186 187 185 186 185 186 188 190 191 189 190 187 191 195 193 190 194 196 195 196 196 186 184 190 184 181 183 190 189 190 194
221 221 220 220 -32768 -32768 -32768 -32768 214 212 212 212 209 209 208 208 207 206 206 205 205 204 204 205 205 204 204 205 205 203 203 202 202 202 202 201 201 201 200 199 199 199 199 198 197 196 196 192 190 191 190 191 194 192 189 190 191 191 190 188 185 187 186 187 190 191 192 192 191 193 195 199 197 197 196 199 194 180 180 179 180 182 180 183 189 188 187 193
223 222 222 221 -32768 -32768 -32768 218 216 215 214 213 214 213 212 211 210 210 209 208 207 206 206 207 207 207 206 206 206 205 204 204 204 203 203 204 204 203 203 202 202 202 201 200 198 198 199 197 198 198 196 196 196 192 191 190 191 192 193 192 190 188 186 186 191 192 193 195 195 194 197 200 196 195 196 200 199 188 188 192 190 189 188 192 190 188 187 187
225 225 224 223 222 221 222 220 219 218 217 216 216 215 214 213 212 211 210 209 208 209 209 209 209 208 208 207 208 206 205 205 206 206 206 206 205 204 204 204 203 203 202 202 200 201 202 202 201 201 200 199 198 196 192 193 193 195 193 193 193 193 188 183 188 191 191 196 196 196 198 201 200 196 197 201 201 196 197 194 194 188 188 190 192 187 189 191
228 227 226 225 224 223 222 222 221 220 220 219 217 217 217 216 214 212 212 211 211 210 210 211 211 211 210 210 209 209 209 208 208 208 208 207 207 206 206 205 205 204 204 204 204 204 203 202 201 199 198 197 196 194 194 195 196 198 195 194 193 194 195 188 188 191 189 192 196 196 198 197 199 202 202 197 193 190 193 199 194 190 187 188 193 188 188 190
230 229 227 226 225 225 224 224 223 223 220 219 219 219 218 217 216 215 214 213 212 213 213 213 214 213 213 213 212 211 210 210 210 209 208 208 209 207 206 206 206 205 205 206 205 204 204 203 202 200 198 199 196 196 195 196 196 198 199 198 197 195 197 193 196 193 190 186 195 198 199 197 198 200 198 191 191 191 193 201 193 192 191 192 193 191 194 194
231 229 228 226 224 225 225 225 225 224 223 222 221 219 218 218 217 216 216 216 215 215 215 215 215 215 215 215 215 213 213 213 213 212 212 211 208 208 207 207 207 207 207 207 206 205 203 202 201 200 201 200 199 199 198 199 199 200 202 200 200 199 199 198 198 194 191 193 197 200 205 200 200 200 202 198 195 192 196 199 193 192 195 194 192 193 189 192
231 229 226 224 222 222 222 222 223 224 225 224 223 221 220 219 218 218 218 218 217 217 217 217 216 217 217 216 216 214 213 213 214 213 212 210 209 209 208 207 207 207 209 207 207 205 204 204 204 201 203 202 203 203 201 202 200 198 201 196 198 200 200 201 202 198 194 196 201 201 207 203 200 204 205 203 200 197 199 199 193 192 196 195 195 194 195 188
230 228 225 224 223 222 222 222 222 223 223 224 224 222 221 221 221 221 221 221 219 220 220 219 218 219 219 218 217 215 215 214 215 214 214 213 213 212 211 210 207 209 210 210 208 207 206 206 205 205 206 205 205 206 199 200 199 202 203 200 199 200 202 202 204 204 200 201 205 208 211 203 201 203 209 202 201 197 198 194 193 194 195 197 199 194 197 193
229 228 226 225 225 224 223 223 223 223 223 224 224 223 223 223 223 223 223 223 223 223 222 221 221 221 221 220 218 217 218 217 217 216 216 215 214 214 213 212 210 210 211 209 209 209 209 208 208 209 209 207 208 207 204 200 202 203 206 204 203 204 202 200 203 207 208 209 210 212 213 208 204 204 208 203 200 198 201 195 195 198 197 203 203 202 204 202
230 229 228 226 226 225 225 225 225 224 225 225 226 225 225 226 226 226 226 226 225 225 224 224 223 223 223 222 222 221 221 220 219 219 218 218 217 216 214 213 212 212 211 210 211 211 212 211 210 212 209 205 207 207 208 205 204 204 208 209 211 209 208 206 206 210 214 214 213 214 212 214 210 210 208 204 201 201 202 198 194 203 202 205 208 208 209 204
231 230 229 228 227 226 226 227 227 227 227 228 228 228 228 228 228 228 228 228 227 227 226 226 225 225 225 224 224 222 221 221 221 221 221 220 220 218 215 213 212 213 211 212 214 214 214 213 213 214 211 209 209 211 212 211 208 208 209 211 212 214 214 214 214 216 218 217 216 215 216 216 212 210 209 208 204 204 202 200 198 204 206 208 210 -32768 -32768 -32768
232 231 230 229 229 228 227 228 228 229 229 229 229 229 229 230 230 230 230 229 229 228 228 227 227 227 226 225 225 224 223 223 222 222 222 222 221 219 216 215 214 213 213 213 215 216 215 214 214 216 216 214 215 214 215 213 213 214 215 216 218 216 216 218 219 220 221 221 221 220 218 216 215 213 213 211 210 207 205 202 201 202 206 211 -32768 -32768 -32768 -32768
234 233 232 231 230 230 230 230 230 230 230 230 230 230 231 232 231 231 231 230 230 229 229 226 225 227 228 228 226 226 226 225 224 223 223 223 222 220 218 217 215 214 214 215 217 219 217 214 218 219 220 220 221 220 220 216 217 217 219 219 218 219 220 221 220 222 223 223 225 222 220 218 216 214 210 210 204 203 203 204 203 206 209 -32768 -32768 -32768 -32768 -32768
235 234 234 232 231 231 232 232 232 231 230 231 231 231 232 232 233 232 231 230 230 230 230 228 228 228 229 228 228 227 226 225 224 224 224 223 221 220 218 217 216 216 216 217 218 220 217 220 221 223 224 223 225 225 224 220 218 218 221 217 217 217 218 217 218 222 226 226 233 223 223 221 216 214 212 210 207 207 209 209 210 211 212 -32768 -32768 -32768 -32768 -32768
236 235 234 232 231 232 233 233 232 231 231 230 230 232 232 232 232 232 230 230 230 230 231 232 231 230 228 227 227 226 224 223 223 223 223 222 221 219 217 218 217 218 218 219 220 221 222 224 226 227 227 228 228 227 224 222 217 220 222 219 216 215 217 219 218 223 225 225 229 228 228 222 218 214 213 213 211 211 212 214 216 215 -32768 -32768 -32768 -32768 -32768 211
237 236 235 234 234 234 233 233 233 232 232 231 231 231 231 232 232 232 230 229 230 230 231 232 232 230 227 226 226 226 225 224 223 223 222 221 218 217 217 217 217 218 219 220 221 222 225 229 230 231 231 232 231 229 226 225 224 220 222 224 218 215 217 219 221 221 223 224 224 224 225 223 221 217 216 215 213 -32768 -32768 -32768 -32768 -32768 -32768 -32768 206 202 202 203
238 237 236 236 236 237 237 236 236 235 233 232 231 231 231 231 232 231 229 228 228 229 230 231 230 228 227 226 226 225 225 225 224 223 222 219 218 218 217 217 216 216 217 217 217 222 226 229 233 235 237 237 234 230 228 228 227 226 222 224 214 211 214 216 217 220 218 223 224 226 224 224 222 220 220 -32768 -32768 -32768 -32768 -32768 222 219 214 207 203 202 194 195
238 238 237 237 237 238 238 238 239 238 235 233 233 232 231 231 231 230 228 227 227 227 228 229 229 226 225 225 225 225 225 225 224 224 221 221 221 220 219 217 214 215 218 216 215 218 222 226 231 238 240 239 234 231 230 231 231 231 228 226 215 212 213 212 212 214 218 222 224 224 225 225 224 -32768 -32768 -32768 -32768 220 219 219 219 218 213 208 203 202 202 203
240 239 239 238 237 236 238 239 239 239 237 234 232 232 232 232 231 230 228 225 225 226 227 228 227 225 224 225 226 226 226 226 225 224 224 223 222 221 220 218 214 216 218 217 216 220 224 226 230 234 238 237 234 233 233 234 234 236 237 237 230 220 212 210 210 215 218 217 219 223 225 226 -32768 -32768 -32768 215 216 217 216 218 221 220 221 216 212 208 206 208
