kuenm_practice/Projection_variables/current/bio_1.asc
NCOLS 360 
NROWS 210 
XLLCORNER -125 
YLLCORNER 20 
CELLSIZE 0.166666666666667 
NODATA_value -32768 
[rows 39 to 77 of 210, columns 89 to 177 of 360]
61 61 54 50 52 54 57 58 58 58 56 54 51 51 51 52 50 52 53 53 51 49 50 48 49 49 50 50 52 53 50 49 49 50 48 47 46 45 47 48 44 41 38 36 36 34 33 33 33 33 36 38 40 43 43 41 40 38 37 38 39 39 36 34 34 35 34 34 32 31 30 29 30 35 41 41 39 37 36 34 33 32 31 31 31 31 30 29 28
65 56 43 40 41 46 49 56 57 58 57 55 54 53 50 53 51 53 53 56 58 57 58 55 56 55 56 56 56 54 54 53 52 50 49 48 48 49 50 52 47 44 46 42 41 37 37 37 37 37 36 38 42 45 45 45 44 42 41 42 42 42 39 36 35 36 36 35 34 33 32 32 31 36 40 41 40 39 38 36 35 34 34 34 35 35 33 32 31
66 56 46 43 43 51 56 58 56 52 55 56 55 56 55 56 54 55 57 59 61 63 66 65 64 64 63 63 62 59 57 56 54 53 53 54 53 54 56 55 52 53 52 48 49 46 41 41 41 40 39 39 40 43 45 45 46 46 45 45 45 44 41 39 37 38 38 37 36 35 34 34 32 34 38 40 40 40 40 39 37 37 37 37 37 36 35 34 33
67 64 60 58 56 58 61 60 52 44 51 56 56 57 59 57 57 55 59 61 62 65 66 63 64 65 64 63 62 61 57 55 54 53 52 54 57 57 56 56 55 56 53 50 50 51 50 47 44 43 41 41 40 39 42 44 49 50 48 47 46 45 44 43 41 40 39 37 37 37 37 37 35 34 38 39 39 41 41 41 39 39 40 40 39 38 37 35 34
68 66 65 65 62 62 64 66 64 62 60 60 60 60 62 59 59 59 61 63 65 65 65 66 63 65 64 63 63 62 59 58 55 54 54 57 59 55 56 56 58 58 57 54 52 51 51 51 48 46 44 43 43 43 44 45 46 49 49 48 47 46 46 46 44 42 40 39 38 37 39 40 39 37 38 40 39 41 42 42 41 41 41 41 40 38 36 35 34
67 66 62 63 60 61 64 68 69 68 68 67 66 67 65 62 61 60 62 64 63 64 66 67 65 63 63 64 65 62 60 56 56 56 58 61 58 56 56 59 60 58 58 54 53 53 53 51 51 50 49 48 48 48 48 48 48 48 48 46 44 45 47 47 45 43 42 41 39 38 39 42 42 39 40 41 41 42 43 44 44 43 43 41 40 39 37 34 32
66 62 62 61 58 60 64 67 69 69 69 69 70 71 67 65 60 61 61 62 63 65 67 66 65 62 63 65 63 60 59 60 59 60 62 60 58 56 57 60 59 56 55 51 53 51 51 51 51 52 52 50 51 49 49 48 48 48 47 44 40 41 44 45 45 44 43 44 43 41 42 43 44 41 42 43 43 44 46 46 46 46 44 42 41 40 37 34 33
64 62 63 58 54 50 55 66 70 71 71 71 73 74 70 66 63 64 64 64 65 64 65 66 65 62 62 62 58 59 62 63 64 65 62 59 57 57 59 61 58 55 55 54 54 53 52 53 54 55 55 53 51 50 50 50 48 48 46 44 41 41 44 45 45 44 46 47 46 44 43 43 43 42 44 45 45 46 48 48 48 47 46 44 42 41 37 33 32
63 62 62 59 56 49 60 67 71 72 73 73 75 78 74 69 65 64 64 62 63 65 66 67 64 62 59 58 58 60 61 65 68 65 61 58 56 56 58 61 59 55 55 54 53 55 55 55 55 54 53 52 50 48 48 50 46 46 45 45 45 46 48 48 47 46 47 49 48 46 45 43 42 41 44 45 46 48 49 50 50 49 46 43 42 39 36 35 34
57 60 60 51 46 46 50 58 64 72 74 74 76 80 76 72 68 65 63 64 65 65 66 66 65 62 62 63 63 62 65 67 67 64 62 58 55 55 57 61 61 57 56 55 54 54 53 54 54 54 54 53 53 50 50 53 50 49 49 47 47 49 51 50 50 49 49 50 50 48 45 44 42 42 45 46 48 50 51 51 51 50 47 43 41 39 37 37 36
36 51 57 39 27 28 47 59 66 70 72 74 77 79 78 73 72 71 68 68 68 66 66 66 65 65 66 67 67 64 65 65 65 63 61 58 55 56 58 61 59 57 56 54 54 53 54 55 54 55 55 55 54 53 54 54 54 52 51 50 50 51 51 49 49 50 51 51 51 49 47 45 44 44 46 48 50 52 52 52 52 51 49 45 43 41 40 40 38
50 56 58 56 52 54 61 68 72 74 75 76 78 78 76 73 73 73 73 71 71 69 68 70 71 71 72 70 67 65 63 64 63 62 60 56 55 56 59 60 60 57 56 55 54 54 55 55 56 57 56 55 55 55 53 54 52 55 52 50 50 50 48 49 50 50 50 50 51 50 49 47 46 47 48 50 51 52 53 53 53 53 52 49 47 44 44 43 42
59 62 64 64 65 66 69 73 77 78 76 75 74 74 75 75 76 77 75 74 73 73 72 72 75 76 74 67 66 66 62 61 63 61 59 57 56 57 56 58 58 57 56 56 56 57 57 58 58 57 56 54 54 57 57 57 58 58 54 51 50 48 48 47 47 49 49 49 51 51 51 50 49 49 49 51 53 54 54 54 54 53 53 52 50 48 47 47 45
50 57 62 67 67 70 72 76 76 72 70 70 72 74 76 76 78 76 75 75 75 74 75 75 74 74 75 71 68 69 64 61 62 60 58 57 58 58 57 57 58 58 58 57 57 58 59 60 60 59 59 58 58 58 60 60 61 61 59 56 53 51 47 45 46 47 48 48 52 53 52 52 51 51 51 52 54 56 56 56 55 54 54 53 51 49 49 48 46
48 58 58 61 65 67 69 72 74 77 78 75 76 77 78 78 76 69 70 67 72 72 74 72 73 75 73 71 69 68 68 63 62 60 58 58 59 60 59 59 61 61 60 58 58 59 62 63 64 63 62 61 62 62 60 59 62 64 60 57 56 51 48 46 47 48 49 50 55 56 54 53 54 53 53 54 56 57 57 57 57 56 55 54 52 50 50 49 49
59 68 66 59 64 71 72 73 76 80 82 78 77 77 74 79 71 68 66 65 68 71 74 73 75 73 70 70 69 66 67 66 60 59 57 60 61 62 61 62 63 63 62 61 61 62 64 66 65 63 63 64 63 63 62 62 62 64 64 62 58 54 52 50 49 50 51 54 58 58 56 55 56 56 57 56 55 59 60 60 60 61 59 56 54 51 51 51 52
67 68 71 71 72 68 71 75 82 84 82 78 77 80 81 80 71 67 64 61 68 71 72 74 71 69 71 68 69 68 69 67 62 60 62 61 63 64 64 64 65 65 63 63 63 64 67 68 68 68 66 67 67 67 67 65 65 65 64 62 61 58 55 53 53 53 55 60 60 59 57 56 58 59 61 56 55 57 63 64 64 64 63 59 56 54 54 54 55
43 44 60 67 71 73 74 79 80 73 78 77 83 84 84 78 73 66 64 65 66 64 69 75 71 67 69 69 69 70 68 67 64 63 63 61 64 67 67 67 67 65 64 64 64 67 67 66 66 67 68 67 67 67 68 68 67 69 68 64 62 58 56 56 56 56 59 61 61 60 59 58 59 61 60 58 58 56 60 66 65 64 63 60 58 56 57 58 59
-10 30 48 62 66 66 69 78 71 68 67 72 80 87 87 76 73 66 60 60 62 67 73 72 73 68 68 70 71 70 67 67 65 65 64 66 68 66 66 67 67 64 63 64 66 66 66 65 66 66 66 66 66 67 68 68 69 69 69 66 61 58 58 58 59 60 62 63 62 62 61 61 61 61 59 59 60 58 56 63 65 64 63 61 60 59 60 61 61
-22 -12 -19 27 42 56 68 76 63 43 35 60 64 69 78 73 72 66 56 61 68 71 72 72 73 69 71 72 71 71 69 66 65 66 68 70 70 70 71 69 68 67 66 66 66 66 66 66 69 69 69 69 69 69 71 72 71 71 69 69 64 62 61 61 62 63 64 64 64 63 62 62 62 60 59 60 60 58 55 58 64 64 65 65 63 61 62 63 63
-6 -18 -24 -34 -7 37 69 68 65 53 42 60 51 19 49 65 68 64 60 67 70 69 73 74 72 72 72 70 72 71 66 66 68 70 71 72 73 73 73 72 70 69 68 68 67 67 67 68 71 71 69 67 68 69 70 70 69 72 73 71 66 63 63 63 64 65 66 66 65 64 63 63 63 61 59 60 60 58 57 56 61 65 67 68 66 63 63 64 63
-5 -16 5 1 -13 58 70 65 63 69 71 74 50 6 10 28 45 66 67 70 68 68 70 72 74 74 71 69 72 70 66 68 70 69 72 75 77 78 76 73 71 70 70 70 70 70 70 72 74 74 72 69 69 71 74 76 76 76 76 73 70 67 66 65 65 64 67 68 67 66 65 65 64 63 60 60 60 60 58 57 59 64 68 69 68 66 64 64 64
-4 -15 -7 13 25 58 64 67 68 70 69 71 69 31 -3 -3 4 39 65 69 67 64 67 71 73 70 69 69 71 70 67 68 65 68 69 74 79 80 80 78 75 74 73 73 72 73 74 76 77 77 77 75 77 79 80 80 80 80 77 76 74 71 69 68 68 68 69 69 69 68 67 67 66 65 62 62 61 60 59 58 60 62 65 69 69 68 67 66 66
-14 -12 -12 -12 11 36 64 66 64 68 68 70 72 66 49 8 -11 2 28 52 65 66 67 68 72 69 67 69 69 70 66 67 66 64 60 71 78 80 80 80 80 79 79 78 75 74 75 78 79 81 81 82 82 80 80 80 80 82 81 79 76 74 71 69 69 69 70 71 71 71 70 70 69 68 66 65 63 63 61 61 60 61 63 66 69 69 69 68 67
-15 -1 8 14 37 57 62 64 65 67 70 72 73 69 61 35 -1 -22 -12 33 64 68 68 69 70 67 66 67 67 69 68 68 68 62 59 67 62 64 68 74 81 83 83 82 82 81 82 83 82 81 80 82 81 80 82 81 81 83 83 81 78 75 70 68 67 67 68 70 72 74 74 73 72 71 70 68 66 64 62 62 61 61 62 65 67 69 69 69 68
-12 -20 -19 7 13 -2 39 55 61 65 69 70 72 72 69 62 34 -3 -14 20 57 68 69 69 70 65 64 64 67 67 69 69 69 66 64 60 52 51 55 61 72 82 83 84 83 83 84 81 81 80 81 82 83 83 84 84 85 85 84 82 80 78 74 72 71 70 69 70 73 77 77 75 74 73 72 71 68 66 64 63 62 62 62 63 66 66 67 67 68
-10 -18 -21 -9 -11 14 41 48 58 64 70 73 73 73 69 66 58 28 8 23 61 69 69 70 70 66 64 66 68 67 68 66 67 69 68 61 52 46 57 62 67 80 84 83 83 83 85 82 82 83 85 86 87 87 87 87 86 83 81 80 80 79 79 78 77 74 73 74 75 78 80 78 75 74 74 72 69 66 67 66 64 63 63 63 64 65 66 66 66
-13 -24 -14 -26 -29 -19 18 35 51 64 69 73 75 74 71 65 62 50 23 32 59 65 69 72 71 67 65 66 68 67 66 67 68 72 75 71 63 51 50 62 70 78 84 85 86 86 85 84 87 87 87 88 87 88 87 86 84 83 83 82 82 82 81 79 80 79 77 78 78 81 82 80 78 77 76 75 72 69 69 69 67 66 65 65 66 65 66 66 66
-17 -11 -12 0 -9 -21 -3 34 54 65 72 77 76 75 72 66 62 52 32 50 63 68 71 74 71 66 66 66 68 69 71 71 73 75 78 80 74 64 60 64 73 82 84 86 86 85 86 89 92 93 92 91 91 91 89 90 89 88 88 87 87 87 86 85 85 82 80 80 82 83 83 82 81 80 79 78 75 73 71 71 71 70 69 69 69 67 65 66 67
-7 -3 13 28 32 7 23 39 35 43 65 69 65 64 63 59 53 37 33 55 65 69 72 71 69 67 67 69 71 71 72 76 77 78 79 82 80 76 71 71 78 84 87 86 84 84 86 88 88 90 91 89 89 90 90 91 90 87 87 89 90 90 89 88 87 84 82 83 85 84 84 84 84 83 81 81 78 75 73 73 74 74 73 73 72 69 66 67 67
-7 -7 -27 -2 41 53 53 54 59 62 66 67 61 52 61 54 38 26 42 55 64 68 71 73 65 68 71 73 74 76 77 78 78 80 81 82 82 81 78 77 83 87 87 85 86 84 83 83 83 86 88 85 87 86 87 88 87 84 86 89 90 93 91 90 88 87 86 85 86 86 86 86 86 85 84 82 78 76 76 75 75 76 76 75 74 72 69 69 69
-3 -12 -30 -33 -6 41 59 61 63 66 71 77 75 71 66 62 56 51 56 63 67 68 70 71 67 67 71 74 76 77 76 79 80 81 81 79 79 81 81 83 85 86 87 87 86 82 81 79 79 81 83 85 84 81 83 85 82 82 84 86 87 90 89 89 87 85 86 88 87 88 90 90 87 87 86 83 78 77 78 78 77 78 79 79 77 75 73 73 74
9 2 -17 -34 -18 -1 42 60 65 67 70 74 72 69 65 62 59 59 62 66 67 70 69 70 67 68 70 72 74 76 78 80 79 78 78 76 78 79 80 81 82 85 86 86 85 81 79 78 79 81 83 84 83 83 83 82 81 81 83 87 89 90 89 88 88 86 85 86 89 90 91 93 89 89 88 85 82 79 79 79 78 81 83 81 80 79 79 78 77
13 14 10 -7 -23 -20 6 49 67 70 70 69 66 65 63 59 54 60 63 64 68 72 75 76 76 77 77 77 73 73 75 74 75 72 73 73 75 79 80 80 82 85 87 87 84 80 76 75 77 80 83 84 84 83 83 83 84 84 85 87 88 88 89 90 90 89 89 90 90 90 93 94 93 93 91 87 86 85 83 83 83 84 85 83 83 81 80 79 78
14 15 21 18 -3 -16 -14 11 51 66 64 64 51 53 57 52 47 51 57 62 68 74 64 57 71 65 68 73 76 74 75 74 71 67 69 69 68 71 74 76 84 86 85 82 81 79 77 76 78 80 82 83 84 85 86 86 87 86 86 87 89 90 90 89 90 90 89 89 90 91 92 93 94 93 89 88 87 87 86 87 87 87 85 85 84 83 81 80 78
17 18 19 21 22 10 0 -1 23 45 53 53 52 54 57 58 57 62 66 67 69 74 65 47 43 41 51 64 73 74 79 79 73 67 72 71 72 72 72 75 78 78 79 80 82 81 79 77 77 79 80 82 82 84 85 86 88 87 86 87 88 90 91 89 89 88 88 87 87 87 88 91 93 92 90 87 87 87 86 86 88 90 88 87 86 85 83 81 79
20 18 20 23 26 27 27 26 31 36 42 48 49 50 50 58 65 65 67 69 62 56 57 48 46 34 35 45 59 68 77 81 77 78 79 77 74 74 75 77 79 81 83 83 83 80 78 76 77 78 80 81 82 83 85 86 85 84 85 85 87 88 88 88 88 88 88 87 86 86 88 90 92 92 91 90 87 87 87 87 87 90 91 91 89 88 85 82 80
21 21 24 27 28 31 33 32 36 42 45 47 49 49 44 48 56 47 60 66 58 47 51 52 51 48 41 38 47 68 80 84 87 87 83 82 79 76 74 76 79 81 83 84 83 81 79 77 77 79 80 81 81 82 85 85 84 83 84 85 85 86 87 87 86 87 87 87 86 87 89 90 89 90 91 91 89 89 89 88 88 90 92 94 94 92 89 85 82
29 30 30 30 31 33 31 33 41 47 49 52 54 53 53 54 60 60 56 62 59 50 53 52 54 51 48 46 48 71 84 86 83 86 88 86 84 82 80 79 81 84 85 85 84 81 79 78 78 80 82 82 83 85 87 87 85 83 84 85 85 86 86 88 88 87 87 87 87 87 88 89 89 89 90 90 91 90 91 90 90 91 93 96 97 95 92 88 85
