kuenm_practice/Projection_variables/current/bio_15.asc
NCOLS 360 
NROWS 210 
XLLCORNER -125 
YLLCORNER 20 
CELLSIZE 0.166666666666667 
NODATA_value -32768 
[rows 43 to 85 of 210, columns 192 to 287 of 360]
56 55 54 54 52 51 51 50 48 47 46 46 45 44 44 43 40 38 35 32 30 29 27 25 24 22 21 21 21 21 21 21 21 21 21 21 21 20 21 20 20 20 20 20 20 20 20 20 21 20 20 20 20 20 21 22 23 24 24 24 23 23 23 23 23 23 23 23 23 22 23 22 22 22 22 22 22 22 22 23 24 24 25 26 26 27 27 28 28 28 26 26 26 26 26 26
57 56 55 53 51 51 50 49 47 46 45 44 43 42 42 40 38 36 34 32 29 28 26 24 23 22 20 20 20 19 20 20 20 20 20 21 20 20 21 20 20 20 20 20 20 20 20 21 20 20 20 20 19 19 20 21 22 23 22 22 22 22 22 22 22 22 22 22 22 22 22 22 22 22 21 21 21 21 22 22 23 24 24 25 25 26 26 27 27 27 26 26 25 25 26 26
57 57 55 53 51 49 49 47 46 46 44 43 42 41 40 38 37 35 33 30 29 28 26 24 23 21 20 19 19 18 19 19 20 20 20 20 20 21 21 21 21 21 21 21 20 20 20 20 20 20 19 19 19 19 19 20 20 21 21 21 21 21 21 21 21 21 21 22 22 22 22 22 21 21 21 21 21 21 21 22 23 23 23 24 24 24 25 25 26 25 25 25 25 25 25 25
57 55 54 52 50 48 47 47 45 45 44 42 41 40 38 37 35 34 32 30 29 27 26 24 22 21 19 18 18 19 19 19 20 20 20 20 20 21 21 21 21 21 21 21 21 20 20 20 20 20 19 18 18 18 18 18 19 19 19 20 20 20 20 20 20 20 20 21 21 21 21 21 21 21 20 20 20 21 21 21 22 23 23 23 24 24 24 25 25 24 24 24 24 24 24 24
55 54 52 51 49 47 46 46 46 44 44 42 40 38 37 35 34 33 31 29 28 27 26 25 24 21 20 19 19 20 20 20 20 20 20 20 21 21 21 21 22 22 22 22 21 21 20 20 20 19 18 18 18 18 18 18 18 18 18 18 19 18 19 19 19 19 19 20 20 21 20 21 20 20 20 20 20 20 20 21 21 22 23 23 24 24 24 24 24 24 24 24 23 23 23 23
53 52 51 49 47 46 46 46 45 44 43 42 39 37 36 34 33 31 30 29 28 27 27 27 25 24 23 22 22 22 21 21 20 21 21 21 21 21 21 22 22 22 23 22 21 21 20 20 19 19 19 18 17 17 17 17 17 18 18 18 18 18 18 18 18 18 19 19 19 20 20 20 20 20 19 19 19 19 19 20 21 21 22 23 23 23 24 24 24 23 23 23 22 22 22 22
52 51 49 47 47 47 47 46 45 44 43 41 40 38 36 34 33 32 31 29 28 28 29 29 30 29 27 26 25 25 24 22 22 21 21 21 21 22 22 22 23 23 23 22 22 21 20 20 19 19 18 18 18 17 17 17 17 17 17 18 18 18 18 18 17 18 18 18 19 19 19 19 19 19 19 18 18 18 18 19 20 21 22 22 23 23 23 23 23 22 22 22 22 21 21 21
51 50 49 48 48 48 47 45 44 44 44 43 42 39 36 34 33 32 31 30 28 29 31 32 34 33 31 30 29 28 27 25 22 23 22 22 22 22 22 22 22 23 24 23 23 22 21 20 19 19 18 19 18 18 18 18 17 17 17 17 17 18 18 18 17 18 18 18 18 19 19 19 19 18 18 17 17 17 18 18 20 20 21 22 22 23 22 22 22 22 21 21 21 20 20 20
51 50 49 48 47 48 49 48 46 45 44 44 42 40 37 36 34 34 34 33 32 32 33 35 37 36 35 34 33 32 30 28 25 23 24 24 24 23 22 22 23 24 24 24 23 23 22 21 21 20 20 21 21 20 19 19 18 18 17 17 18 18 18 18 17 17 18 18 18 18 18 17 17 17 16 16 16 17 16 17 18 19 20 21 21 22 22 22 21 21 21 20 20 19 19 18
50 49 48 48 48 49 52 54 50 47 45 44 43 41 39 38 37 38 38 37 37 36 36 37 38 38 38 37 36 34 32 30 28 26 26 26 25 24 23 23 23 24 24 24 24 24 23 22 22 22 23 24 24 23 21 20 19 18 18 18 18 18 18 18 18 17 17 17 18 17 17 16 16 16 16 15 15 16 16 16 17 18 18 19 20 21 21 21 20 20 20 19 19 18 18 17
49 48 48 47 48 49 50 52 50 48 47 46 45 44 42 41 40 41 42 42 41 40 40 40 39 39 39 39 38 36 34 32 30 29 29 28 27 25 24 24 24 24 24 24 24 24 23 23 23 24 24 25 25 25 24 22 21 19 19 18 18 18 18 17 17 17 17 17 17 16 16 16 16 15 15 15 15 15 15 15 16 16 17 18 18 19 19 19 19 19 19 18 18 18 17 17
49 48 48 48 47 49 51 51 49 48 48 47 46 45 44 44 43 43 44 44 43 43 42 41 41 40 40 40 39 37 36 34 32 31 30 30 28 26 25 25 25 24 24 25 25 25 24 24 24 24 25 26 26 26 25 23 22 20 19 19 18 18 18 18 17 16 16 16 16 16 16 16 15 15 15 16 15 16 15 15 15 15 15 16 16 17 17 18 18 18 18 18 17 17 16 16
50 48 48 48 48 49 50 49 49 48 48 47 47 46 46 46 46 44 45 45 45 45 44 43 41 41 40 39 39 38 36 34 33 32 31 31 29 27 26 25 25 25 24 24 25 25 25 24 24 24 25 26 26 26 25 24 23 21 20 19 18 18 18 17 17 16 16 16 16 15 16 16 16 16 16 16 17 17 16 15 15 15 15 15 15 16 16 16 17 17 17 17 17 16 15 15
50 50 49 49 48 47 48 49 48 47 47 47 47 47 47 47 47 45 44 45 45 45 44 42 41 41 40 39 39 38 36 34 33 32 32 31 30 28 26 25 24 24 24 24 24 24 25 25 24 24 25 26 26 26 26 25 24 22 20 19 18 17 17 17 16 16 15 15 16 15 16 16 16 17 17 18 18 18 18 17 16 15 14 14 14 14 15 15 16 16 16 16 15 14 14 13
51 50 50 49 48 47 47 47 47 48 48 47 48 48 48 48 47 45 44 44 44 44 43 43 42 41 40 39 39 37 35 33 32 32 31 31 31 29 27 25 24 23 23 23 23 24 24 25 25 24 25 25 26 26 26 26 24 23 21 19 18 17 16 16 15 15 15 15 15 16 16 16 17 17 18 19 19 21 20 18 16 15 15 14 14 14 14 14 15 15 15 15 14 13 13 12
51 51 50 49 49 47 47 48 48 49 49 49 49 49 49 48 47 45 44 44 44 44 43 43 42 41 40 39 38 36 34 32 31 31 31 30 30 28 26 24 23 23 22 23 23 24 24 25 25 25 25 25 26 27 26 26 25 23 22 19 17 16 16 15 15 15 15 15 15 15 16 17 17 18 18 19 20 21 20 18 17 16 15 14 14 13 13 13 14 14 14 14 13 12 12 11
49 49 50 49 48 48 48 48 49 50 50 49 50 49 49 48 46 45 45 44 44 44 44 44 43 41 39 38 37 35 33 32 30 30 30 29 29 27 25 23 22 22 22 22 23 24 25 26 27 26 25 26 27 28 27 27 26 25 22 20 17 16 15 15 14 14 15 15 15 16 17 17 17 18 18 19 19 20 19 18 17 16 15 14 13 13 12 12 12 12 12 12 12 11 11 11
49 50 50 48 48 48 48 48 49 50 49 50 49 49 48 47 46 45 45 44 44 43 43 44 43 40 38 37 36 35 33 31 30 30 30 28 27 25 24 23 22 21 21 22 23 25 26 28 29 30 29 28 28 28 28 27 26 24 22 19 17 16 15 14 14 14 15 15 16 16 17 17 18 17 17 18 18 18 17 17 16 15 14 14 12 12 12 12 12 12 11 11 11 11 11 11
49 50 48 47 48 49 48 48 48 49 49 48 48 48 48 47 46 45 45 44 43 43 42 42 41 39 37 37 36 35 33 32 30 29 28 27 26 24 23 22 21 21 21 22 23 25 28 29 30 32 31 29 29 28 28 27 25 23 21 18 17 15 14 14 13 14 15 15 16 16 17 17 17 17 17 17 17 16 16 15 15 14 13 13 12 12 11 11 11 11 11 11 11 11 11 10
49 49 48 47 47 48 48 47 48 48 47 47 46 47 48 46 45 45 43 43 42 42 41 41 40 38 37 36 36 35 33 31 30 28 27 26 25 24 23 22 22 22 22 23 24 26 28 29 30 31 30 30 29 29 28 27 25 22 19 18 17 15 14 13 13 14 14 15 16 16 16 16 16 15 15 15 15 15 14 14 13 13 13 12 12 11 11 11 11 11 11 10 11 11 11 11
48 49 48 48 48 48 48 47 47 47 47 46 46 46 46 46 45 44 43 42 42 42 41 40 39 38 37 36 36 35 33 31 29 27 27 25 24 24 23 23 23 23 23 24 25 27 29 30 31 29 29 29 29 28 28 27 24 21 19 18 16 15 14 13 13 13 14 15 15 16 15 15 14 13 13 13 13 13 13 12 13 13 12 12 12 11 11 11 11 10 10 11 11 11 11 12
49 50 49 48 47 47 48 47 47 47 47 46 46 45 45 44 44 44 42 43 42 41 40 39 38 37 37 36 36 36 33 31 28 27 26 25 24 24 23 23 24 24 24 25 26 28 29 30 30 29 29 29 29 28 28 27 24 22 20 19 17 15 14 13 13 13 13 15 15 15 15 14 13 12 12 12 12 12 12 12 13 14 13 12 12 11 11 11 10 10 10 11 12 12 12 12
50 50 49 48 48 47 48 47 46 47 47 46 46 45 45 43 44 44 43 43 42 41 40 39 38 38 37 37 36 35 33 30 28 26 25 24 24 24 24 24 24 24 24 25 26 27 28 29 29 28 28 28 28 28 28 27 26 24 22 20 18 16 14 13 12 12 13 14 15 16 14 13 12 11 11 11 11 12 12 13 14 15 14 13 12 11 11 10 10 10 11 11 12 12 12 13
50 50 50 49 48 47 47 47 47 46 47 46 45 45 44 44 43 43 43 42 41 40 39 38 38 38 38 37 36 34 32 30 28 26 25 24 23 23 23 23 23 23 24 24 25 26 27 28 28 28 27 27 28 27 28 28 27 26 24 21 19 17 14 13 12 11 12 13 15 14 13 12 11 11 11 11 11 12 12 13 14 14 13 13 12 12 11 11 11 11 11 11 12 12 12 12
50 50 50 49 48 48 47 47 46 45 45 46 47 46 44 44 43 42 42 41 41 40 38 38 38 38 39 39 37 35 32 30 28 26 25 24 23 23 23 22 22 23 23 24 24 25 26 27 27 27 27 27 27 27 28 28 28 28 25 23 21 18 15 13 12 10 10 11 12 12 11 11 10 11 11 12 12 12 13 14 13 13 12 13 13 13 12 12 11 12 12 12 12 12 12 13
49 49 49 48 47 46 47 48 47 45 44 44 46 45 43 43 42 41 41 41 40 39 38 38 38 38 38 38 37 35 32 30 28 26 25 24 23 22 22 22 22 22 23 23 24 25 26 27 27 27 27 26 26 25 27 28 29 28 27 25 23 20 17 15 12 10 9 9 10 10 10 10 10 11 11 12 13 13 13 13 13 12 12 13 14 14 14 13 13 13 13 13 12 12 13 13
49 48 48 48 47 46 46 48 47 45 41 42 43 43 42 42 42 41 41 41 40 39 38 38 38 37 38 38 36 35 33 30 28 26 25 23 23 22 22 22 22 22 23 23 24 24 25 26 26 27 26 26 26 26 28 28 28 28 27 26 25 22 19 16 13 10 9 9 9 10 10 10 11 11 12 13 13 12 12 13 12 12 13 13 14 15 14 14 14 14 14 13 13 13 14 14
50 48 48 47 47 46 47 48 48 46 42 41 42 41 41 40 41 41 40 40 40 39 38 37 37 38 38 37 36 34 32 29 27 26 24 23 22 22 21 21 21 21 22 23 24 24 25 26 26 26 26 26 26 26 26 27 27 28 28 26 25 23 20 17 14 12 10 9 9 10 10 11 11 12 12 12 12 12 12 12 12 12 12 13 13 14 14 14 15 16 16 15 14 15 16 16
50 49 48 48 46 47 47 47 47 46 43 42 42 41 41 40 41 40 39 39 39 39 38 37 37 37 38 36 35 33 30 28 27 25 24 23 22 21 21 20 20 21 22 22 23 24 24 25 25 26 27 27 26 26 26 26 26 27 27 25 24 22 20 18 15 13 11 11 10 11 11 11 12 12 12 11 11 11 12 12 12 12 12 11 11 12 12 14 16 18 18 17 16 17 17 18
51 50 48 47 46 46 45 45 45 44 44 43 43 42 41 41 39 39 38 38 38 38 38 37 36 36 36 35 34 32 29 28 26 25 24 23 22 21 21 20 20 21 21 21 22 23 24 24 25 25 26 26 26 25 25 25 25 26 25 24 22 21 19 18 15 13 13 12 12 12 13 13 12 12 12 11 11 11 11 12 12 12 12 12 11 12 12 14 16 18 20 21 20 19 19 19
51 50 48 47 46 45 45 45 45 43 43 43 42 42 41 41 40 39 38 37 37 37 37 37 36 36 34 34 34 33 31 29 27 25 24 23 22 21 21 20 21 21 20 20 22 23 24 24 25 25 25 26 25 24 24 24 23 24 23 22 21 20 18 16 14 14 14 14 14 14 14 14 13 13 12 11 11 11 12 13 14 14 13 13 13 13 13 14 16 19 22 22 22 21 20 20
49 49 48 47 46 45 45 44 45 44 43 42 41 40 40 39 39 38 38 38 37 37 37 36 36 35 33 32 33 33 32 30 27 26 24 23 22 21 20 20 20 20 20 20 21 23 25 25 25 25 25 25 24 23 22 22 22 22 21 20 20 18 16 14 13 14 15 15 15 15 15 15 15 14 13 12 12 12 13 15 15 16 15 15 14 14 15 17 19 21 23 23 22 22 22 21
48 48 47 46 46 45 45 44 44 43 43 41 40 38 38 38 37 37 37 37 36 36 36 35 35 34 33 32 32 32 31 29 28 25 24 22 21 21 20 20 20 20 20 20 22 23 24 24 24 24 24 24 23 22 21 20 20 21 20 19 18 16 15 14 13 13 15 15 15 16 16 16 16 15 14 13 13 14 15 16 17 17 16 15 15 15 16 19 21 22 22 23 23 22 22 21
48 47 46 46 45 44 44 44 44 43 42 40 39 38 37 38 37 36 36 36 36 35 36 35 34 34 33 33 32 31 30 29 27 25 24 22 21 20 20 19 20 19 20 21 22 23 23 24 24 23 24 23 22 21 20 20 20 20 20 18 16 16 15 14 13 13 15 15 16 16 17 17 17 16 16 15 15 15 16 17 17 16 15 15 15 16 17 19 21 23 22 22 23 23 22 22
47 46 45 45 44 45 44 44 43 42 41 40 38 37 37 37 37 36 35 35 35 35 34 35 34 34 33 32 32 31 29 27 26 25 24 23 21 20 19 19 19 20 20 22 22 23 23 24 23 23 22 22 21 21 20 20 20 20 19 17 17 16 16 15 14 14 15 15 16 17 17 18 18 18 17 16 16 15 15 15 15 16 15 15 16 16 18 20 22 22 23 22 23 23 22 22
46 45 45 44 44 44 44 44 43 41 40 38 37 37 37 37 37 36 35 35 34 35 34 34 33 33 32 32 31 30 29 27 26 25 24 23 21 20 19 19 19 20 21 22 23 23 23 23 23 22 21 21 20 20 20 20 20 20 19 19 18 18 17 16 16 15 15 15 16 17 18 18 19 18 17 17 16 16 16 15 15 15 15 16 16 17 18 20 21 22 21 22 22 22 23 23
43 43 43 43 44 44 44 44 42 41 39 37 37 37 37 37 36 35 34 34 34 34 34 33 33 32 32 31 30 30 29 28 26 25 24 23 22 20 19 19 19 20 21 22 23 23 23 23 22 22 20 20 20 20 20 20 20 20 20 20 20 20 19 18 17 16 15 15 16 17 17 17 18 18 17 17 16 16 16 16 16 16 16 16 16 16 17 18 20 20 20 20 20 21 22 24
41 42 43 43 43 44 43 43 42 40 38 37 37 37 37 36 35 35 34 34 34 34 33 33 32 31 31 30 30 30 29 28 27 26 25 24 23 21 20 20 21 21 22 23 23 23 23 23 22 21 21 20 20 20 20 21 20 21 21 22 22 21 20 18 17 16 15 15 15 16 15 15 17 17 17 17 17 17 17 17 17 17 17 16 16 16 16 17 19 19 19 19 19 20 21 23
36 40 42 43 43 43 42 41 40 39 38 37 36 36 36 35 34 34 33 33 34 33 33 32 31 30 30 29 29 29 29 29 28 27 26 26 25 22 22 22 22 23 23 24 23 23 23 23 22 22 21 20 20 20 21 22 22 22 22 22 22 22 21 20 18 17 16 15 15 15 14 15 17 18 18 18 17 17 17 18 18 18 17 16 16 16 16 17 18 18 19 18 19 19 20 21
31 38 42 42 43 42 41 40 39 38 37 36 35 35 34 34 33 33 32 33 33 33 32 30 29 29 29 29 28 29 29 29 27 27 26 26 25 24 23 23 23 24 24 24 23 22 22 23 22 21 21 21 20 21 22 23 23 22 22 22 22 22 21 20 19 18 17 16 16 16 16 16 18 18 18 18 17 17 17 18 18 17 16 16 16 16 16 17 17 17 18 18 18 18 17 17
35 40 42 42 42 41 40 39 38 37 37 36 34 34 33 33 33 32 31 31 31 31 30 29 28 28 28 28 28 28 28 27 27 27 26 25 25 24 24 24 24 23 24 23 22 21 21 22 22 22 21 21 21 21 21 22 23 22 21 21 22 22 21 21 20 19 18 18 17 17 17 17 19 19 18 17 17 17 17 17 18 17 17 16 16 16 16 17 17 17 17 17 16 17 17 16
39 41 42 42 41 39 38 37 37 36 36 35 34 33 32 33 32 31 30 30 30 30 29 28 28 28 28 28 28 27 27 27 27 26 26 25 24 24 23 23 23 23 22 22 21 21 21 21 21 21 21 21 21 21 21 22 22 22 22 21 22 22 22 21 21 20 20 20 19 18 18 18 19 19 18 18 17 17 17 17 17 17 16 15 15 15 16 18 18 17 16 16 16 16 16 15
41 42 41 41 40 39 37 36 35 35 35 34 33 32 32 32 31 30 29 29 29 28 28 27 27 28 27 27 27 27 26 26 26 26 25 25 24 23 22 22 22 22 21 21 21 21 21 21 21 21 20 21 21 21 21 22 22 21 22 22 22 23 22 22 22 21 21 21 20 19 19 19 18 19 18 18 17 17 17 17 18 17 16 15 14 15 16 18 17 16 15 15 15 15 15 14
