kuenm_practice/Projection_variables/current/bio_12.asc
NCOLS 360 
NROWS 210 
XLLCORNER -125 
YLLCORNER 20 
CELLSIZE 0.166666666666667 
NODATA_value -32768 
[rows 38 to 75 of 210, columns 170 to 254 of 360]
491 498 512 525 539 549 558 563 571 579 587 594 612 639 652 660 663 663 662 657 659 673 684 697 704 701 698 689 678 664 661 672 687 702 711 717 725 727 730 735 736 742 745 765 771 778 760 754 744 755 766 771 778 785 792 793 794 795 797 802 812 814 825 836 841 843 843 843 842 845 835 817 798 787 781 794 797 786 779 777 775 772 763 760 762
496 507 520 531 542 549 558 567 575 580 586 598 616 635 650 660 661 663 659 657 661 674 684 693 697 696 692 686 679 671 670 678 688 697 708 715 718 723 729 736 747 745 730 729 726 726 735 749 749 754 765 774 782 788 793 797 795 798 803 808 814 816 821 852 862 877 875 883 872 868 868 852 821 804 801 802 803 794 786 780 775 766 757 759 749
502 517 529 538 546 553 562 571 579 582 589 600 614 633 649 658 667 668 664 665 669 678 689 696 696 700 699 692 686 684 686 693 700 705 710 713 716 721 729 738 738 736 744 738 733 732 738 745 752 761 769 776 783 788 795 798 802 804 808 813 817 821 823 859 889 890 893 899 901 898 903 886 867 851 833 824 818 808 795 793 779 766 757 749 739
510 524 536 545 553 558 567 574 580 585 593 603 619 633 651 658 668 672 671 670 673 677 684 694 704 706 710 705 703 695 692 699 709 718 724 727 725 722 731 735 737 744 738 729 730 736 745 759 763 768 775 781 786 792 798 800 804 809 812 815 820 824 828 832 863 879 899 915 915 931 935 929 913 890 878 860 848 836 816 801 785 770 765 757 754
518 533 547 558 564 568 574 580 584 586 594 609 625 648 659 666 669 673 674 675 675 677 683 693 702 711 718 718 710 706 711 714 722 728 738 736 732 723 727 738 734 725 723 730 740 756 760 759 768 775 779 785 790 794 798 802 806 811 816 819 823 827 831 833 838 858 877 887 894 909 934 963 950 932 918 895 877 856 840 811 793 784 780 773 764
525 544 559 571 575 585 590 594 599 602 611 621 639 652 661 669 674 678 677 679 678 676 678 688 703 717 727 725 720 721 729 733 737 742 740 735 718 704 703 704 714 723 732 740 749 755 760 768 776 780 786 789 794 798 802 804 811 813 818 822 824 828 832 837 849 861 864 875 892 911 955 981 973 964 947 921 902 882 854 827 812 801 792 787 782
538 554 570 582 587 598 609 620 621 620 621 634 647 656 664 672 679 681 683 682 680 679 682 689 705 716 722 728 732 737 747 759 762 754 734 713 706 708 713 720 730 739 745 752 760 763 771 776 782 787 789 792 794 799 803 806 811 815 820 823 826 831 833 839 843 850 863 876 895 911 958 980 979 981 972 953 924 903 883 861 842 828 821 816 807
551 565 578 589 599 611 625 638 643 638 640 649 657 661 663 673 683 685 691 687 685 684 679 680 695 703 713 728 736 749 762 766 756 733 724 728 729 732 738 742 750 757 760 766 769 774 778 784 790 793 816 816 808 801 804 807 810 815 823 826 829 830 830 835 839 849 859 872 890 906 922 945 986 997 988 969 948 934 915 896 871 853 845 846 830
558 571 581 596 608 627 643 658 664 661 660 664 667 669 666 676 687 692 693 691 689 687 680 686 696 705 714 731 741 754 758 746 733 737 744 750 755 759 761 765 770 776 778 779 781 780 783 790 804 821 808 795 794 799 801 808 815 816 824 827 828 830 830 831 834 840 852 865 883 898 914 928 971 1001 1001 987 977 964 944 924 902 879 866 863 856
553 568 583 597 615 634 648 663 670 670 673 678 679 678 683 690 697 705 702 696 693 695 695 701 710 718 729 740 749 748 741 735 742 750 765 775 779 784 784 787 789 793 793 791 788 785 790 816 812 799 792 788 791 795 801 803 812 820 826 829 828 828 824 825 824 831 840 853 870 886 903 930 986 992 1005 1005 998 987 966 942 919 902 886 876 874
547 565 580 599 615 636 650 664 669 671 674 679 687 689 694 699 706 710 705 703 704 706 711 720 730 740 745 748 733 729 736 741 749 767 792 800 805 805 805 806 808 809 809 802 795 798 818 817 796 787 789 788 792 789 793 800 811 821 828 831 831 826 818 812 809 816 827 839 853 872 888 908 932 961 1009 1023 1011 1001 979 949 932 917 904 893 890
543 560 581 600 615 637 653 665 671 672 677 683 689 690 701 707 710 715 709 708 713 717 727 739 752 756 748 720 717 729 741 753 775 798 800 806 815 819 819 818 831 868 850 838 818 808 811 797 796 803 829 838 832 819 796 796 809 819 830 834 834 825 814 803 798 804 813 827 844 857 872 890 911 943 986 1010 1004 985 973 955 948 933 922 907 908
544 560 582 597 618 637 654 667 672 677 678 685 691 691 694 704 712 715 717 720 723 731 739 747 753 752 736 729 732 744 765 774 790 792 790 806 826 837 850 861 871 881 885 861 831 806 802 803 818 836 840 832 836 832 836 802 804 821 833 843 842 832 829 820 811 809 812 823 835 841 852 869 892 922 939 955 959 959 957 946 948 925 916 911 906
545 557 579 598 617 636 655 667 671 675 678 681 688 685 689 702 713 720 725 731 735 743 745 748 757 762 762 746 729 728 750 777 787 790 804 820 846 868 876 874 873 873 871 855 833 823 811 811 813 819 818 813 813 821 831 829 819 840 846 858 856 846 829 813 810 808 805 806 819 834 846 858 863 863 865 879 896 899 912 916 909 904 900 910 901
548 557 573 594 611 631 647 666 674 682 685 686 689 687 688 704 717 722 729 736 742 751 756 762 769 771 758 733 694 676 730 779 806 817 830 841 855 865 869 862 857 855 850 845 838 834 823 808 800 794 787 790 799 806 814 823 837 842 843 846 845 831 814 805 801 796 798 803 808 820 832 831 834 834 821 830 846 847 857 867 868 868 869 873 871
543 554 567 587 602 617 637 652 667 681 692 693 687 680 689 703 717 729 735 742 744 754 764 770 771 768 757 741 721 715 751 791 812 822 828 837 845 848 848 838 830 826 822 817 812 823 820 805 794 780 773 780 786 794 806 810 820 821 810 817 820 808 800 796 800 797 787 785 792 802 807 812 806 808 803 797 795 809 822 832 838 840 841 839 842
545 555 568 580 589 601 617 634 653 671 689 692 687 681 686 706 723 734 740 738 743 755 765 772 773 773 768 760 751 754 782 813 822 823 828 833 828 826 828 822 814 807 804 794 792 807 809 800 789 775 771 772 779 787 796 799 794 787 780 784 787 793 783 787 792 789 779 777 775 777 782 788 781 778 773 770 770 783 798 812 817 823 830 827 829
552 563 569 579 583 581 589 612 636 657 676 689 693 688 692 707 728 739 741 739 742 752 765 772 781 783 783 787 788 793 813 831 827 827 831 829 821 815 815 817 803 797 795 787 790 799 805 797 789 784 776 776 777 786 792 787 775 755 756 757 766 776 779 786 790 786 780 775 773 769 776 783 773 765 762 759 759 767 775 784 793 802 807 811 817
557 568 578 581 575 550 537 569 613 651 676 690 698 704 700 708 730 745 747 743 740 753 759 772 787 800 805 817 817 814 821 842 832 830 833 823 819 811 809 812 804 799 798 794 797 805 805 798 791 786 776 774 779 788 791 780 764 748 742 748 759 772 780 787 790 791 787 781 776 787 798 794 777 764 765 755 751 755 757 765 775 782 794 800 807
560 576 584 581 559 508 485 531 593 651 685 700 704 709 712 714 728 745 750 750 750 754 762 775 790 796 806 820 820 817 829 834 827 828 823 816 813 810 813 817 814 810 808 815 821 811 805 805 798 786 775 777 779 790 795 778 762 750 741 750 762 776 787 794 798 798 793 790 790 794 803 796 782 776 764 756 751 744 746 750 758 769 778 790 800
567 577 585 584 561 508 473 526 597 658 695 705 705 709 715 723 735 746 749 750 751 757 767 779 789 795 809 816 822 819 821 823 825 819 818 817 819 820 822 822 816 809 810 814 819 818 820 805 796 788 778 775 783 792 793 776 768 758 750 758 771 786 795 807 810 806 805 799 806 808 815 820 801 778 760 752 745 741 739 738 746 759 773 784 795
578 586 597 597 587 559 540 562 614 666 692 704 704 709 716 722 733 750 758 749 750 762 777 781 789 797 809 808 811 815 816 812 813 818 815 819 822 826 828 827 820 818 816 821 819 814 808 802 795 791 785 779 782 787 791 779 775 768 764 771 783 796 808 823 824 818 812 802 808 810 824 832 809 779 752 739 731 729 729 727 736 754 769 782 792
601 598 605 609 610 611 594 602 632 663 683 698 702 704 714 718 734 751 752 747 738 761 777 775 790 804 808 808 803 808 805 800 808 811 814 818 824 833 833 829 824 821 818 821 820 811 801 798 795 792 785 777 775 777 780 779 779 772 776 782 794 810 821 834 844 836 811 799 798 815 816 806 794 774 750 728 724 726 729 727 737 753 767 783 794
614 617 620 620 623 629 626 629 646 662 679 694 703 709 716 726 739 743 743 744 756 770 762 767 792 807 806 803 798 802 805 807 815 817 819 817 821 832 835 832 826 827 825 825 823 811 798 797 792 791 778 765 762 767 779 780 774 777 784 792 807 821 835 847 862 843 809 803 803 806 799 791 777 758 745 734 730 731 732 743 743 757 770 786 801
616 623 628 625 630 638 643 651 655 665 678 692 710 717 723 730 735 737 742 758 769 774 772 776 780 795 805 806 812 820 821 824 830 835 833 819 814 828 834 834 830 827 821 826 823 814 800 794 785 781 770 751 753 768 774 771 774 780 790 801 812 830 845 856 855 847 826 809 800 787 785 780 768 754 744 742 738 736 737 740 749 763 777 791 808
607 624 630 636 640 645 652 657 659 668 680 692 709 724 731 736 740 747 755 768 774 780 783 788 795 801 801 815 826 829 834 829 834 836 831 820 818 823 825 824 822 821 815 820 817 812 800 787 780 776 761 747 763 769 768 764 772 784 797 806 817 831 844 856 855 849 832 813 795 783 765 757 757 757 760 745 739 734 741 748 756 765 783 798 815
599 622 637 644 654 662 665 663 664 671 681 693 709 724 739 745 752 760 771 775 782 788 788 789 793 799 816 829 824 828 832 835 834 836 828 825 831 831 828 820 817 813 811 819 813 804 793 784 782 774 764 763 769 764 761 765 776 788 799 812 821 830 845 851 855 858 851 824 798 776 763 756 765 764 753 745 742 737 744 750 757 770 786 806 823
601 622 645 660 667 675 677 679 684 690 690 696 709 729 744 754 760 768 783 788 780 786 789 791 793 804 827 834 838 822 827 825 819 820 828 831 838 831 826 815 814 811 810 807 803 799 785 778 775 773 787 782 784 775 765 772 781 794 804 815 824 839 849 858 865 859 852 833 811 784 778 775 767 759 751 751 743 736 738 744 755 769 792 812 833
613 634 656 669 681 681 684 689 696 703 704 706 715 734 751 760 761 764 780 790 789 792 796 798 796 805 823 831 835 835 837 822 799 811 822 829 841 835 825 821 813 815 810 802 797 792 790 782 774 769 797 816 816 791 780 782 791 799 808 818 830 843 854 865 875 868 862 841 819 798 793 779 768 766 762 754 746 738 733 736 751 772 798 822 839
627 650 668 679 691 696 692 696 703 711 714 717 732 749 762 767 764 762 779 796 796 799 800 812 814 819 825 826 826 824 824 821 797 814 827 835 833 839 831 827 821 816 809 803 801 796 797 791 773 776 809 836 831 802 792 793 800 808 814 823 833 852 868 877 876 875 870 845 833 813 796 781 773 770 766 764 752 742 729 727 745 770 795 818 833
633 653 670 682 693 700 704 705 706 717 721 727 742 756 762 766 772 779 791 800 804 804 807 822 831 831 838 835 828 821 824 824 798 808 820 821 828 833 834 829 820 809 804 806 805 804 802 793 791 796 810 822 820 801 798 800 806 814 821 828 839 860 869 873 877 876 869 857 842 827 807 790 780 773 772 772 766 750 739 737 747 762 777 799 811
638 659 671 683 692 704 707 709 717 727 730 731 746 756 761 767 777 790 799 807 810 814 821 831 842 847 848 845 829 819 808 808 803 809 819 822 835 833 832 832 820 810 809 804 806 807 803 804 799 807 808 805 803 795 802 808 813 821 825 834 838 847 856 863 870 873 871 864 855 840 820 800 787 779 771 770 764 757 748 750 754 756 760 775 794
646 661 674 686 695 704 712 716 722 733 740 746 756 761 763 769 780 792 803 813 816 824 831 841 847 856 857 853 838 821 809 804 810 809 819 828 827 832 819 819 807 799 807 804 809 812 812 813 807 808 812 801 796 799 809 816 823 827 834 837 840 839 840 853 869 881 883 875 865 847 828 806 790 779 768 763 762 759 757 760 753 757 754 762 783
657 666 681 689 697 709 721 729 736 741 753 756 764 768 769 778 786 798 807 821 826 831 836 842 854 861 864 858 848 835 825 815 816 820 822 830 842 848 838 835 832 828 821 805 811 819 824 823 814 818 822 814 806 811 820 826 832 838 841 845 844 844 841 855 874 888 885 885 871 858 834 810 790 778 768 765 761 763 758 758 758 761 760 767 777
663 676 684 690 704 717 729 741 748 756 764 769 773 776 779 786 790 798 814 829 835 836 838 846 854 868 874 873 866 858 843 835 834 827 838 843 853 862 864 862 852 852 834 830 826 831 833 832 836 843 837 833 828 829 837 840 845 850 853 856 858 858 864 878 890 894 894 889 877 863 839 817 793 781 773 769 763 764 766 773 781 777 773 778 781
670 683 684 697 711 726 737 756 767 768 774 780 786 791 798 801 803 810 825 839 853 843 837 848 857 872 879 877 876 874 863 854 843 836 839 849 858 873 869 868 862 864 856 849 848 846 851 856 866 870 857 852 849 851 852 853 858 863 866 870 874 877 887 906 916 916 910 892 877 865 848 823 795 784 782 774 771 774 780 781 788 790 784 786 791
676 688 693 705 717 732 753 768 782 782 786 789 794 804 816 819 812 819 829 844 855 852 846 851 862 869 875 876 875 879 874 873 866 866 866 857 867 877 884 876 867 867 875 864 861 856 869 879 895 898 884 873 864 859 864 867 873 877 881 885 887 892 905 928 940 935 914 901 882 870 854 829 801 788 787 785 782 781 784 788 794 794 796 798 800
688 683 693 711 726 742 764 775 788 796 797 796 800 813 826 827 820 825 835 847 852 850 854 858 865 872 870 872 872 876 882 881 874 875 881 894 883 881 890 887 885 871 877 880 875 877 887 895 906 907 898 890 877 869 874 881 886 891 896 902 903 905 915 943 959 941 923 912 895 877 861 840 817 801 799 801 798 798 796 791 800 815 819 820 819
