kuenm_practice/Projection_variables/current/bio_12.asc
NCOLS 360 
NROWS 210 
XLLCORNER -125 
YLLCORNER 20 
CELLSIZE 0.166666666666667 
NODATA_value -32768 
[rows 0 to 37 of 210, columns 0 to 84 of 360]
502.000000000000000 503 508 514 524 540 556 575 598 619 645 671 699 727 746 755 762 760 756 747 741 729 704 688 684 650 641 620 601 583 563 540 528 524 529 519 506 500 499 507 517 523 531 537 541 541 528 528 529 542 544 544 550 544 563 573 569 553 547 553 532 523 512 504 505 511 511 506 495 481 477 467 459 456 456 457 455 458 459 467 467 478 476 461 466
498 500 502 508 516 528 546 565 590 611 639 665 694 721 747 765 777 782 780 776 775 762 737 723 708 697 677 661 632 613 584 571 552 554 546 541 530 525 518 527 538 547 558 560 564 559 547 544 547 546 551 553 561 578 586 590 582 573 565 544 527 518 511 501 499 503 505 502 490 479 469 464 460 460 461 460 457 456 458 462 469 467 463 457 457
496 499 498 501 507 519 537 554 578 603 625 654 685 710 743 775 793 804 809 810 805 802 786 772 761 746 717 688 663 643 617 594 595 581 570 557 543 538 540 545 552 568 587 588 589 575 567 559 556 558 559 565 576 583 588 582 575 563 550 537 524 513 502 496 497 497 500 498 493 485 472 466 462 462 462 458 455 456 458 461 465 466 459 451 452
489 492 498 497 499 515 529 546 569 588 611 638 673 702 737 777 809 831 838 840 835 824 808 805 791 770 750 744 715 682 645 621 612 614 588 567 560 553 549 552 573 582 597 607 601 592 580 572 567 568 571 581 585 578 581 582 579 562 545 529 515 499 494 494 492 491 491 494 485 481 478 471 464 465 460 463 460 456 457 462 467 466 455 442 436
483 490 493 499 502 510 524 537 558 578 599 620 646 682 718 769 814 852 861 858 859 842 845 826 809 804 792 766 728 723 693 664 634 613 586 581 563 554 555 569 581 591 598 604 604 601 594 587 581 583 579 574 573 572 572 571 563 549 536 519 504 493 488 489 491 488 486 482 479 477 470 464 461 458 452 452 453 456 458 458 468 470 456 442 435
490 497 502 501 505 508 518 531 542 561 584 604 629 656 693 749 810 863 871 870 892 885 876 861 854 821 808 780 773 734 715 687 664 657 613 583 573 570 575 579 580 584 586 593 595 596 594 594 589 583 589 591 584 585 577 571 563 553 536 523 505 487 484 489 488 492 489 483 474 469 463 459 454 449 445 441 438 449 449 453 456 458 454 447 443
479 490 505 504 502 503 509 519 531 550 566 584 604 623 672 747 793 846 877 884 884 891 895 887 851 840 809 808 777 769 746 721 703 669 628 580 590 584 581 577 578 571 570 576 577 581 584 582 588 602 598 590 589 584 576 576 573 558 539 522 505 498 493 492 493 496 492 483 474 466 457 451 445 444 440 436 435 434 442 442 448 448 450 444 441
477 490 488 486 491 497 503 510 521 540 553 565 590 613 655 737 783 840 878 897 944 935 906 873 841 869 847 806 787 780 763 738 719 648 658 642 626 612 611 588 572 564 561 562 568 574 575 579 593 584 577 567 564 570 568 571 569 560 546 533 515 509 503 500 498 495 486 477 469 459 454 448 449 444 439 435 432 428 430 432 438 443 440 435 436
472 473 470 474 479 481 489 496 508 523 537 556 584 600 652 745 796 820 890 923 936 972 977 960 908 826 797 846 823 795 776 752 722 710 675 700 680 672 647 629 596 560 547 549 560 563 564 575 577 571 562 556 558 566 569 568 567 554 547 534 522 514 506 504 499 493 484 474 464 452 452 453 452 445 436 435 430 420 424 431 435 433 436 435 431
464 460 458 462 465 469 474 483 494 511 517 536 563 584 619 705 760 815 876 936 957 970 994 985 961 919 871 780 778 823 769 764 769 763 699 717 704 679 649 599 592 578 544 527 532 549 565 577 576 569 561 562 565 565 569 575 570 561 549 536 526 515 508 500 495 492 483 474 463 458 458 456 453 445 436 430 427 420 424 426 432 434 430 429 425
454 450 451 447 449 453 460 466 475 492 504 518 539 565 596 645 717 800 877 947 991 966 973 989 967 954 936 902 815 709 752 796 757 750 746 738 714 688 658 652 588 561 522 528 539 545 557 574 581 575 566 569 569 570 568 566 563 558 546 536 523 515 509 505 497 491 485 477 464 460 457 456 453 446 438 433 426 422 424 424 427 430 431 429 424
453 442 439 436 436 439 444 450 458 483 506 510 533 551 550 601 668 748 862 948 1003 1023 985 973 978 953 943 921 875 851 759 718 720 765 723 742 711 698 674 648 623 530 536 556 570 561 551 564 574 576 572 571 575 574 569 561 558 553 543 534 526 523 515 511 505 497 489 477 467 458 453 450 448 446 439 431 428 427 424 429 430 430 427 424 424
449 439 436 433 423 425 431 438 442 460 495 493 506 535 532 551 615 692 787 892 976 1010 967 992 978 959 941 916 910 885 822 835 779 674 725 752 724 693 667 634 611 515 588 571 573 587 580 572 573 575 574 575 573 568 564 559 555 547 538 534 531 526 520 517 509 498 484 472 463 454 449 445 442 439 434 426 427 426 425 427 427 426 425 423 420
474 457 436 425 423 416 420 426 432 447 478 482 492 523 498 512 596 627 708 796 892 912 979 1008 947 940 970 911 896 878 851 843 813 779 685 722 741 725 688 678 668 610 559 605 599 606 617 612 582 577 583 577 568 565 562 559 557 551 543 536 529 528 520 513 505 492 480 465 460 450 446 444 438 437 429 424 422 421 423 425 425 418 419 415 415
462 451 421 409 407 398 404 407 412 420 451 469 470 479 459 478 566 569 615 700 732 845 884 857 876 938 915 860 854 867 865 836 806 791 783 754 738 728 719 698 686 639 616 597 604 637 646 625 599 605 603 589 582 585 577 571 563 552 545 529 531 528 516 513 501 489 475 460 453 449 446 437 435 431 426 420 417 416 422 429 424 421 413 415 416
455 447 414 398 388 383 385 385 386 399 416 428 435 435 430 439 484 517 559 610 646 681 746 830 847 936 988 912 829 840 807 821 821 802 782 776 772 743 731 715 702 691 662 640 619 619 653 645 638 645 623 599 578 582 581 578 567 564 549 532 520 516 515 510 501 482 469 453 449 440 434 428 427 426 421 417 413 413 419 424 421 411 410 408 402
455 446 417 391 382 375 372 369 369 368 379 397 401 404 403 412 418 457 516 579 616 657 766 836 845 877 948 931 751 849 831 817 812 806 805 796 783 772 760 748 728 716 710 697 673 681 675 664 669 651 637 599 600 596 588 581 576 572 562 537 522 513 513 507 493 479 463 450 445 432 427 424 420 420 417 413 413 412 414 414 405 400 398 392 391
456 433 413 392 381 375 367 361 354 345 342 360 382 389 385 382 387 409 439 504 566 623 686 851 991 891 876 890 772 736 782 793 793 808 817 811 792 804 805 787 778 763 752 733 726 705 705 682 664 667 635 604 631 620 599 581 577 571 560 543 530 516 507 498 481 468 455 448 441 430 425 419 415 411 406 403 403 400 401 398 392 384 384 383 381
478 444 413 404 402 383 373 362 354 343 334 334 343 353 356 358 382 400 421 443 490 552 635 607 656 674 679 715 707 639 766 778 776 794 806 828 814 831 845 832 814 815 816 798 778 758 733 719 699 663 666 647 653 638 617 593 584 574 558 544 530 517 503 490 477 464 451 440 429 420 413 406 399 398 393 393 390 388 382 378 372 365 365 368 365
569 493 506 428 424 401 389 374 363 352 343 338 336 338 358 349 371 393 417 435 437 447 480 523 603 653 695 715 731 654 722 707 731 765 793 813 805 863 887 866 862 865 835 878 841 821 794 757 732 699 690 676 666 648 634 617 594 576 560 545 529 512 501 485 471 457 442 428 421 409 403 393 388 385 386 382 380 372 369 360 352 347 347 354 355
641 621 578 494 477 449 424 398 383 375 352 345 355 359 359 353 361 402 397 419 439 456 462 501 547 598 654 667 597 565 626 641 695 733 779 795 817 836 916 911 934 943 879 919 923 922 842 804 748 714 710 684 661 655 637 624 607 582 559 550 537 525 502 481 466 451 432 422 409 401 393 383 375 371 371 377 380 368 354 349 336 326 330 338 342
651 623 587 544 534 497 494 459 410 399 367 353 367 370 381 384 357 388 388 394 403 413 429 460 496 525 553 582 520 574 632 636 664 688 745 783 852 866 885 966 951 972 945 972 1014 998 880 759 768 757 692 687 662 638 657 628 620 614 588 563 543 527 510 486 471 448 430 412 404 397 389 377 372 362 357 362 368 362 348 340 328 323 326 328 335
724 687 690 653 607 543 528 511 457 505 474 415 412 391 428 438 396 386 438 418 384 384 392 411 441 480 519 532 492 505 531 576 608 652 702 780 867 838 826 906 1023 1003 988 1096 1039 1008 917 865 724 754 697 704 685 649 619 611 586 590 600 572 546 526 506 490 468 442 428 414 399 393 384 374 371 368 367 362 348 345 337 329 321 320 321 327 327
865 749 754 699 662 626 615 623 537 527 530 488 449 431 488 472 469 413 431 470 401 363 415 425 405 436 485 502 445 462 502 526 566 620 662 741 818 833 889 904 1031 1008 1060 1010 1063 920 960 891 839 721 679 678 672 654 648 631 608 592 599 577 567 544 512 483 463 436 421 411 404 395 384 376 371 368 365 357 346 335 329 321 318 314 314 318 320
986 896 844 813 756 694 682 703 610 565 567 537 507 495 507 517 466 469 403 448 424 354 422 415 362 397 442 427 381 440 473 489 526 583 647 716 759 821 863 913 957 1027 1040 1040 1061 957 948 872 848 791 701 630 668 632 631 648 654 626 633 618 613 575 534 500 467 437 421 413 405 396 387 379 372 365 355 349 338 332 323 317 312 313 313 311 313
1076 944 894 855 845 785 779 732 696 656 624 603 580 572 579 539 510 480 414 485 420 407 331 352 336 331 330 327 349 399 423 446 491 538 597 662 679 761 838 846 873 1001 1020 1032 1002 984 944 892 837 809 777 709 615 641 624 638 649 655 651 640 630 604 558 511 480 455 432 422 414 399 390 381 371 362 355 347 340 335 329 322 316 315 317 316 323
1151 1052 996 995 1039 1015 860 793 764 800 760 734 651 639 624 613 626 554 534 482 500 428 380 441 392 383 377 345 342 360 384 419 450 493 552 606 658 740 747 837 839 893 992 969 975 968 926 875 838 813 782 743 674 587 655 622 638 655 664 654 649 627 584 534 494 463 441 423 416 406 405 397 378 374 366 353 342 336 331 327 323 321 323 323 324
1205 1159 1105 1124 1035 1032 929 907 951 815 791 776 827 772 708 672 661 660 635 540 508 449 407 448 408 375 375 342 336 356 369 386 419 459 500 550 618 678 719 776 795 876 932 928 926 916 911 881 820 810 787 761 730 665 590 668 618 682 676 675 657 642 611 558 511 478 452 433 420 413 408 394 382 375 364 354 341 337 331 326 325 326 327 326 328
1304 1287 1196 1212 1149 1178 1176 1064 1110 962 892 890 915 876 846 790 738 696 678 634 523 498 475 422 403 381 358 320 327 328 348 366 393 417 455 516 568 621 684 725 743 835 877 896 903 897 869 865 820 813 795 775 752 699 614 629 669 674 679 692 672 666 646 602 543 509 481 445 426 412 406 397 389 375 364 353 345 338 336 331 331 330 327 326 326
1299 1222 1244 1262 1264 1243 1326 1361 1103 1166 1028 1078 984 916 969 880 824 791 756 701 647 596 556 475 424 383 348 327 321 326 336 353 369 387 436 478 520 563 622 664 705 784 810 849 859 883 867 858 819 812 794 779 762 711 659 577 661 701 716 713 692 684 665 634 572 536 495 453 432 418 408 399 399 382 366 359 348 342 342 338 334 334 332 335 335
1247 1177 1185 1252 1302 1356 1369 1276 1197 1202 1301 1145 1056 1029 1018 1085 979 900 867 793 741 724 605 529 471 413 361 348 343 339 324 330 344 361 408 448 492 536 577 616 689 744 769 793 811 851 852 845 812 816 803 791 773 752 668 537 696 741 740 734 724 707 681 641 594 552 510 459 434 423 411 406 398 385 370 365 356 348 346 339 338 336 339 341 335
1299 -32768 1157 1207 1285 1316 1362 1342 1316 1302 1296 1337 1196 1238 1116 1128 1201 1159 1021 913 854 891 689 598 520 440 388 363 331 320 313 309 329 366 394 426 468 510 552 594 656 699 727 762 817 838 836 834 793 804 802 761 779 749 607 507 689 760 762 761 755 730 701 670 602 545 527 479 437 426 414 404 395 385 374 365 364 359 354 350 344 343 344 335 334
1507 1385 1339 1268 1309 1238 1296 1322 1362 1344 1370 1329 1349 1322 1387 1298 1267 1204 1397 1224 975 1060 779 667 573 486 412 356 356 347 321 299 315 369 376 401 441 482 531 581 630 672 714 772 805 828 828 823 788 770 810 787 749 709 581 515 579 749 780 800 779 750 714 671 604 528 486 459 445 434 414 408 395 387 375 369 363 358 354 349 349 347 340 333 336
1816 1633 1502 1383 1232 1173 1131 1193 1309 1280 1357 1400 1455 1453 1586 1507 1602 1439 1446 1479 1294 1308 978 751 647 552 435 379 355 336 361 300 299 352 378 385 419 475 511 559 609 665 712 750 788 812 826 831 821 731 824 783 789 775 678 670 703 657 743 816 782 756 730 684 635 572 515 481 456 431 418 407 392 381 369 362 356 351 346 344 345 344 336 327 322
1978 1843 1792 1604 1453 1315 1092 1071 -32768 -32768 1209 1293 1422 1479 1612 1748 1750 1556 1650 1665 1295 1164 980 855 727 621 508 469 426 366 345 305 294 340 389 381 401 447 493 534 589 656 715 757 790 811 812 831 832 765 740 772 765 776 727 767 755 699 629 732 769 766 732 709 687 662 566 508 469 443 420 406 396 386 378 366 352 343 335 332 335 332 326 315 310
2231 2087 2008 1903 1758 1598 1242 1109 1109 -32768 1121 1123 1229 1241 1394 1573 1594 1598 1619 1539 1399 1244 1102 1030 803 693 583 556 497 442 448 328 305 318 362 365 384 425 469 500 551 639 693 745 738 788 788 831 835 820 653 721 751 754 782 771 762 768 594 630 769 762 712 681 697 686 619 562 517 465 431 412 399 378 362 350 348 336 330 324 323 319 319 313 307
2441 2272 2109 2038 1947 1819 1642 1318 1132 1051 958 1004 -32768 1003 1074 1183 1423 1593 1618 1551 1440 1336 1194 1141 912 784 680 623 580 505 469 369 310 307 349 368 386 413 442 503 525 594 615 633 717 757 786 822 821 843 797 681 779 818 832 765 745 790 608 496 692 749 738 644 682 697 670 650 612 508 476 437 401 372 356 346 337 333 318 319 349 345 341 350 304
2563 2359 2284 2198 2082 1934 1677 1363 1176 1077 884 803 795 877 902 1116 1383 1621 1694 1707 1687 1509 1403 1274 1006 869 769 663 569 482 494 384 320 308 347 387 395 413 441 507 512 489 561 641 688 698 785 808 788 842 870 735 727 789 823 799 792 754 677 673 518 708 751 708 636 674 694 671 649 586 537 470 406 376 347 330 327 312 303 309 309 316 325 317 297
