kuenm_practice/Projection_variables/current/bio_12.asc
NCOLS 360 
NROWS 210 
XLLCORNER -125 
YLLCORNER 20 
CELLSIZE 0.166666666666667 
NODATA_value -32768 
[rows 0 to 37 of 210, columns 170 to 254 of 360]
493 495 494 500 501 503 503 504 507 509 512 512 515 518 522 523 524 524 529 531 532 534 537 538 537 538 540 540 541 540 541 541 543 542 542 541 540 540 540 539 539 539 537 535 535 536 536 539 538 538 539 536 536 538 539 541 540 541 540 540 540 538 536 531 530 530 527 525 524 524 524 524 523 519 517 515 514 513 511 508 507 507 505 503 503
491 494 495 497 498 501 504 505 511 512 515 519 521 521 524 526 528 531 532 536 539 540 541 543 546 547 547 548 548 550 551 551 551 552 553 554 554 552 550 550 550 550 551 550 549 547 548 551 551 551 549 548 547 547 546 545 545 545 546 546 543 542 541 539 539 538 537 536 539 540 541 539 537 534 530 529 524 522 521 520 517 512 510 509 509
490 493 494 496 498 503 506 509 510 515 519 522 524 526 529 531 536 542 542 541 544 546 550 550 551 554 555 555 558 558 560 563 562 562 563 562 562 560 559 558 556 554 554 554 555 555 557 557 558 559 554 554 554 553 552 550 550 551 554 553 554 551 550 549 548 548 547 547 553 554 555 552 550 550 544 538 535 531 529 526 524 521 517 517 515
490 492 493 499 500 503 509 511 518 517 523 524 528 533 536 540 543 543 545 547 550 554 554 555 557 559 565 567 568 569 570 570 571 573 573 572 572 571 570 568 567 566 563 562 562 563 563 564 564 565 568 568 569 565 558 561 556 558 558 561 561 560 558 557 557 557 555 557 559 559 560 558 560 557 554 552 547 541 538 535 533 527 524 523 520
486 491 494 496 501 503 510 515 519 523 526 533 534 540 545 547 548 550 551 555 561 561 564 565 564 566 574 574 574 576 575 579 580 581 581 583 581 581 578 578 579 575 572 571 572 571 572 569 569 569 569 569 571 570 565 564 564 564 566 568 569 572 569 568 566 564 563 564 566 566 568 569 567 566 565 562 553 548 546 542 536 535 531 527 524
487 490 494 500 503 508 513 520 523 530 536 542 542 547 551 554 555 555 558 561 563 566 568 572 573 574 578 579 582 582 584 587 588 589 588 588 589 587 585 586 586 585 584 580 580 580 578 578 575 575 575 575 576 576 572 571 572 571 573 573 574 576 576 575 571 568 571 571 572 572 572 571 573 572 573 575 563 558 556 551 549 542 537 533 532
485 489 494 498 506 510 515 522 528 530 537 542 549 551 555 556 557 561 566 569 571 574 574 576 577 580 586 587 590 590 590 594 596 595 596 596 597 597 596 597 597 597 596 596 594 592 591 588 588 586 585 583 582 580 580 581 579 579 580 581 582 583 584 583 581 578 578 577 576 573 572 573 575 573 572 571 568 567 562 558 553 551 545 543 538
484 489 493 501 507 510 515 523 530 532 538 544 549 553 554 556 562 565 570 572 577 579 582 584 587 590 590 591 592 596 599 601 602 602 601 604 603 602 601 601 600 600 602 603 603 601 600 600 598 598 596 595 594 591 591 592 590 589 590 592 591 591 590 590 589 586 586 585 585 583 581 582 580 579 577 575 574 569 566 564 561 556 555 550 546
480 486 493 500 506 514 518 524 529 539 544 548 554 555 560 561 570 573 573 580 581 583 587 593 593 595 597 603 604 606 608 606 610 611 612 614 614 612 612 613 612 614 614 614 615 612 608 606 604 604 602 602 602 602 600 601 600 600 599 598 597 599 599 599 597 594 594 594 592 590 588 586 585 583 580 578 575 575 572 568 566 564 559 556 552
476 485 491 498 505 514 519 528 534 539 546 552 559 563 564 569 573 578 580 582 589 594 596 598 603 603 607 611 612 612 615 615 616 617 618 621 624 624 625 626 625 621 621 619 617 616 620 618 618 619 615 613 615 614 611 610 609 611 611 609 607 608 608 607 606 606 605 604 603 600 598 597 596 593 593 591 587 584 580 579 573 568 566 562 557
473 480 491 498 507 516 524 530 538 545 550 558 563 565 569 573 575 578 581 588 594 596 600 603 605 609 610 612 615 620 626 626 624 628 627 633 635 637 634 632 630 630 634 631 629 629 631 631 632 627 628 625 626 625 623 622 621 619 619 618 620 619 618 618 614 612 608 609 610 610 608 608 608 603 603 598 595 590 588 584 582 576 571 567 563
469 479 487 498 506 516 522 531 537 545 552 559 563 567 570 576 576 585 587 591 594 596 599 603 608 611 614 619 622 627 631 634 635 637 639 641 647 647 645 639 638 640 642 636 638 637 639 635 637 637 633 633 633 632 631 629 629 629 629 628 627 627 625 624 624 622 620 619 619 617 615 615 611 609 609 606 603 599 593 591 584 580 577 573 568
465 476 487 496 507 517 524 534 541 550 555 562 566 572 576 578 581 589 591 593 600 601 606 610 616 619 621 624 627 631 635 638 642 644 645 650 653 655 653 650 647 648 644 644 643 641 643 642 639 640 638 636 636 636 636 635 638 637 637 640 638 636 635 635 634 634 630 629 628 626 627 625 620 619 615 614 609 605 603 595 591 587 583 578 574
462 475 486 499 510 518 530 535 544 554 558 565 569 574 578 585 589 593 598 599 605 611 613 617 619 627 631 630 638 642 647 650 654 655 654 656 657 660 659 656 656 658 658 656 655 654 649 648 647 648 647 646 651 649 647 647 644 648 649 646 644 645 646 646 644 648 647 645 642 638 638 640 634 630 626 623 619 614 613 604 598 596 591 587 580
463 477 488 502 513 524 532 539 548 554 561 568 574 579 584 586 592 599 603 606 610 616 618 625 626 634 638 642 646 653 656 658 664 666 667 668 670 669 665 664 671 674 673 673 673 669 667 663 664 660 658 657 657 657 658 659 655 656 655 657 656 654 659 657 656 653 657 657 656 651 647 647 647 644 639 634 629 622 618 615 609 604 600 596 590
467 483 497 508 518 526 537 543 552 557 564 573 578 582 587 593 599 603 607 611 617 619 626 633 637 643 648 653 659 661 666 669 678 680 681 681 682 683 680 683 683 681 679 676 676 674 671 669 668 667 668 664 663 665 665 666 668 667 668 667 665 664 666 668 668 667 668 667 667 668 662 660 659 655 649 646 639 632 626 625 620 614 609 605 600
479 493 506 513 526 533 541 547 553 560 567 575 579 583 589 595 603 607 614 617 625 630 635 640 643 652 656 659 667 674 679 681 682 682 687 687 691 691 690 690 688 686 684 682 679 676 675 669 670 669 668 669 665 670 672 674 674 674 676 676 672 672 673 680 677 677 677 678 676 677 677 671 669 663 660 653 650 645 639 634 630 626 623 616 614
495 506 516 523 530 537 545 552 559 564 568 574 577 584 589 594 602 610 619 624 628 633 640 645 652 660 663 670 678 680 683 685 688 691 696 702 701 704 704 704 698 696 693 690 690 690 686 680 678 678 682 680 679 683 678 677 678 681 683 683 683 683 683 685 688 688 688 686 688 685 680 679 675 672 666 662 658 653 649 648 642 638 634 631 627
518 522 528 534 538 544 548 554 560 565 572 577 584 588 595 597 602 609 619 625 630 636 644 650 656 662 673 679 682 689 692 695 698 700 702 706 714 718 717 712 709 708 704 701 698 693 692 692 692 693 688 689 691 689 690 691 692 693 693 692 695 693 692 694 692 694 696 695 694 694 688 686 683 680 674 669 667 661 657 655 653 649 646 642 637
538 536 538 540 544 548 554 557 561 570 575 584 588 595 597 601 604 611 619 626 634 638 646 654 662 670 677 680 683 691 695 701 705 706 713 716 715 720 721 724 714 710 712 713 705 701 704 706 700 700 700 694 700 704 705 707 705 703 702 701 700 699 698 700 700 702 703 704 703 700 700 701 697 691 683 678 675 671 670 666 663 660 657 656 651
553 547 545 548 549 553 557 560 566 573 577 584 589 598 600 607 610 622 626 635 644 648 654 659 667 677 680 687 688 696 702 703 708 713 715 719 724 729 730 726 722 723 720 715 714 711 710 706 700 701 702 702 701 704 710 712 715 713 713 711 711 712 711 708 709 709 713 711 712 709 713 711 706 702 694 692 689 683 682 678 674 672 669 669 666
552 549 548 551 551 556 559 564 569 575 576 584 592 600 607 611 620 624 628 639 646 655 660 668 672 677 681 690 693 699 706 713 713 718 725 727 729 734 738 737 734 734 729 723 716 717 715 713 711 709 706 709 707 711 714 718 717 719 721 721 720 717 720 720 721 723 720 722 721 718 723 719 715 710 705 701 696 692 690 691 691 689 687 688 684
550 549 548 548 551 555 561 566 568 575 579 583 591 599 606 613 615 622 635 639 647 656 663 669 678 681 689 691 698 705 710 715 718 725 727 732 735 739 740 738 737 733 727 726 722 718 720 720 711 716 717 715 720 723 720 722 726 728 729 729 731 731 732 730 731 733 735 737 734 729 727 725 719 716 711 708 708 707 705 702 702 705 705 702 702
544 542 540 543 545 553 559 565 570 574 580 590 596 602 606 614 615 620 631 644 650 659 666 673 679 684 692 700 706 710 711 716 723 728 730 734 736 739 743 742 740 735 732 731 728 725 722 727 724 728 729 727 728 731 737 737 739 741 739 740 742 742 741 741 742 742 744 744 747 741 734 730 724 724 719 718 718 720 715 717 717 718 719 719 716
539 533 534 536 540 549 555 561 566 576 582 590 599 607 613 620 626 627 632 645 651 659 668 674 682 689 697 704 708 714 720 723 729 732 737 740 744 743 745 744 744 738 737 730 732 729 729 730 729 732 734 740 737 743 748 747 748 754 755 753 754 753 755 754 751 753 752 753 755 747 742 738 731 731 730 728 729 728 728 731 734 739 739 736 732
531 528 526 526 531 540 549 557 563 572 584 593 600 609 614 618 628 635 637 643 654 664 671 680 687 699 705 707 712 715 719 725 734 739 744 746 747 746 749 747 745 737 733 729 727 727 730 735 732 738 740 746 747 751 755 756 755 757 762 762 763 767 767 765 762 763 764 763 762 762 756 751 743 738 739 737 738 739 743 749 754 756 756 755 748
527 521 515 512 518 531 540 553 564 571 583 593 601 605 616 628 630 634 641 651 658 665 672 679 693 696 701 705 710 717 729 737 740 746 749 753 754 751 753 749 745 738 736 730 730 733 734 736 736 742 746 753 756 757 763 762 770 771 774 772 776 777 776 773 776 779 778 778 777 775 769 763 750 745 743 745 749 749 755 758 767 771 771 767 756
522 517 511 506 512 522 538 549 560 572 579 588 597 605 615 627 630 636 647 657 661 670 672 680 687 695 700 704 713 723 732 739 744 751 754 757 758 755 753 747 745 744 738 734 735 731 731 734 734 745 751 764 764 764 773 775 776 779 781 787 789 788 788 787 786 787 790 792 790 786 777 767 757 750 746 748 755 760 767 773 775 777 775 770 765
518 512 513 508 514 522 536 547 557 569 577 586 596 605 614 622 633 641 654 663 669 674 682 683 690 695 702 710 715 726 736 744 749 757 762 765 763 758 755 755 753 753 740 738 733 732 727 725 728 738 751 764 770 772 779 781 786 788 791 792 793 796 796 798 796 797 798 800 800 790 782 770 761 754 748 754 763 769 779 783 782 781 780 782 781
517 513 517 516 521 527 537 549 559 568 578 589 598 613 621 631 644 650 655 664 675 681 688 694 698 706 709 716 723 735 745 754 755 761 766 762 762 761 759 759 761 757 755 745 729 727 729 723 733 741 749 765 776 779 784 791 795 796 797 799 797 802 801 802 802 802 804 809 809 792 780 770 761 754 756 762 768 775 785 793 794 795 799 800 797
515 516 517 518 522 531 541 552 563 572 581 593 597 611 626 639 655 664 666 668 675 682 684 692 701 710 718 725 738 747 759 763 766 768 768 772 769 766 762 765 762 758 751 735 731 729 730 731 737 747 754 764 782 789 794 798 804 807 807 805 805 805 803 803 807 809 809 814 809 800 788 777 765 762 763 771 781 789 795 805 808 813 817 817 818
514 517 518 523 525 536 545 554 563 575 583 592 601 616 628 643 659 665 672 675 678 683 688 694 704 715 730 743 754 766 772 768 769 773 776 775 773 768 766 764 762 759 753 742 736 729 732 736 745 753 762 778 797 797 801 804 811 810 809 808 809 812 813 805 804 803 802 801 800 795 786 778 773 769 778 777 782 791 799 809 816 825 827 826 825
511 516 520 528 530 539 545 553 563 571 580 592 601 614 630 643 655 668 676 682 684 688 693 703 707 718 735 752 767 783 786 774 766 770 778 777 775 770 768 766 762 759 752 752 737 734 737 743 751 762 771 791 809 820 821 819 824 818 817 814 817 815 816 812 809 805 802 806 802 792 779 772 772 765 773 775 781 789 802 812 822 830 826 823 827
510 511 527 529 534 545 552 560 564 572 581 590 606 620 630 641 654 662 672 684 690 695 701 705 718 724 733 753 773 791 789 765 752 757 773 775 773 769 762 763 761 762 763 759 754 742 747 756 766 769 783 811 831 836 836 829 828 829 824 833 822 820 813 809 804 801 802 799 790 779 766 761 761 763 768 772 784 793 798 804 814 819 819 823 824
504 509 519 529 543 548 559 563 564 570 578 593 606 622 637 645 658 665 673 678 688 694 699 713 721 726 730 738 753 764 767 748 735 743 757 762 765 763 762 759 761 766 767 768 765 763 748 755 779 786 797 819 838 845 847 840 837 830 836 827 826 822 814 803 805 802 804 799 793 781 768 753 757 761 764 775 783 788 790 795 805 810 811 812 814
499 501 512 525 536 552 559 558 557 564 578 589 608 623 640 651 657 669 674 676 685 695 701 708 715 715 723 730 729 730 730 725 724 730 737 746 751 752 753 754 755 759 762 768 773 771 764 762 771 792 780 791 835 844 850 849 850 837 832 824 822 819 814 806 813 805 804 803 795 782 767 756 755 761 766 771 782 787 789 790 792 795 797 797 800
491 493 504 516 530 539 554 551 551 564 574 588 607 633 650 660 666 668 670 672 677 687 696 705 714 714 711 710 706 701 697 696 703 713 725 733 736 739 744 747 750 756 757 770 775 782 782 769 761 768 767 772 794 803 824 839 846 827 827 823 826 829 821 826 814 815 810 807 802 792 780 774 767 760 766 775 782 784 785 778 784 783 782 784 789
492 495 505 518 534 543 551 556 562 570 577 588 609 643 654 662 667 667 668 665 668 678 688 701 709 704 702 695 688 669 667 679 692 704 717 725 730 733 739 747 750 758 752 765 778 784 796 788 748 745 776 782 790 791 790 796 804 795 799 801 821 829 831 831 824 827 822 820 823 819 810 791 778 770 772 782 787 780 778 778 783 778 772 772 771
