kuenm_practice/Projection_variables/current/bio_15.asc
NCOLS 360 
NROWS 210 
XLLCORNER -125 
YLLCORNER 20 
CELLSIZE 0.166666666666667 
NODATA_value -32768 
[rows 0 to 42 of 210, columns 0 to 95 of 360]
23.000000000000000 23 23 23 23 22 22 22 22 22 22 22 22 22 21 21 21 21 21 22 23 24 25 26 27 29 30 32 33 35 37 38 39 40 41 42 43 45 45 45 45 46 47 48 49 50 51 52 54 55 56 57 58 59 60 61 61 61 62 61 63 63 63 61 59 59 59 59 59 60 62 64 64 64 64 65 66 64 64 64 64 63 62 63 62 62 61 61 61 61 60 62 62 60 60 60
23 23 23 22 22 22 22 22 21 22 21 21 21 21 21 21 20 20 20 20 21 22 23 24 25 26 27 28 31 32 34 35 37 38 40 41 43 44 44 45 46 47 47 49 50 52 53 54 56 57 58 59 60 60 62 61 62 63 62 63 64 63 63 63 61 62 60 60 61 61 60 63 64 65 65 65 65 64 65 65 63 64 63 63 62 62 62 61 62 60 62 61 62 60 60 61
23 23 23 23 22 22 22 22 22 21 21 21 20 21 21 20 20 20 20 20 19 21 21 22 22 23 25 26 28 29 31 33 35 37 39 41 42 43 44 45 45 47 49 49 51 54 55 56 57 59 60 61 61 62 62 63 63 64 64 65 65 65 65 63 62 61 61 60 60 60 61 63 64 65 65 66 68 65 65 65 64 64 63 64 64 63 63 63 63 62 62 62 62 61 61 61
24 23 23 23 23 23 23 23 22 22 21 21 20 20 20 20 20 20 19 19 19 20 20 20 21 21 22 23 25 27 29 31 33 35 38 40 42 42 44 44 46 47 49 51 52 54 56 58 59 61 62 63 64 64 64 64 64 64 65 64 66 66 65 64 62 63 63 61 61 61 62 63 65 67 67 67 67 66 66 66 65 64 64 65 64 64 64 64 64 63 63 64 63 63 63 63
24 25 25 24 24 23 23 23 22 22 22 21 21 21 21 20 21 21 22 20 20 20 19 19 19 19 20 21 23 24 26 28 31 33 37 39 41 42 43 45 46 48 50 52 54 55 58 61 61 64 64 65 65 66 65 65 65 65 65 66 66 66 67 66 64 63 62 62 63 64 63 65 66 66 68 69 70 67 66 65 63 63 63 65 65 65 65 65 64 64 64 64 64 63 63 63
25 24 25 25 24 24 23 23 23 23 22 22 21 21 21 20 21 22 22 21 18 19 18 18 18 18 19 19 21 22 23 25 28 30 34 38 39 40 42 43 45 48 50 52 54 57 59 61 62 65 66 66 67 67 65 65 65 65 66 66 66 68 67 66 64 62 63 63 64 64 65 66 67 68 68 70 71 69 68 67 65 64 65 64 65 65 64 64 64 64 63 64 64 63 63 63
26 26 25 25 25 25 24 24 24 23 23 22 22 22 20 19 20 20 19 20 20 19 19 18 19 18 18 18 18 19 21 22 24 27 30 35 36 38 39 41 44 47 50 52 54 57 59 61 63 64 67 67 66 67 66 66 66 66 67 67 67 67 66 65 63 63 63 64 65 66 66 67 67 67 70 70 71 70 69 68 65 65 65 64 65 65 65 65 63 64 63 63 63 63 63 63
26 26 26 26 26 26 26 25 25 24 24 24 23 23 21 19 19 18 18 19 17 18 19 20 21 17 17 17 17 17 18 20 21 24 26 29 31 33 36 38 42 45 49 52 54 58 60 61 63 66 66 67 67 67 67 66 66 66 67 66 68 67 67 66 65 64 64 65 66 67 68 67 67 67 69 70 70 71 70 66 66 65 65 64 64 65 65 64 65 66 63 63 63 61 61 61
26 26 26 26 27 26 26 26 26 25 25 24 23 23 21 18 17 18 16 17 17 16 16 16 17 19 18 16 16 16 17 18 18 20 22 24 26 28 32 34 39 43 48 52 54 57 58 61 62 65 67 67 67 66 66 66 66 66 67 67 67 67 66 65 65 64 65 66 67 68 68 68 68 68 69 69 70 70 69 67 65 65 65 65 66 66 66 66 64 64 63 62 62 62 61 61
26 26 27 27 27 27 27 27 27 26 26 26 25 24 23 20 18 18 17 16 16 16 15 15 15 16 16 17 16 15 15 16 17 19 18 21 23 26 28 31 35 39 45 51 53 56 57 58 60 63 66 66 66 66 66 67 66 67 67 68 68 68 67 66 65 64 65 67 68 67 67 66 67 66 68 69 69 69 68 66 63 64 65 65 65 64 65 65 63 63 64 63 61 60 61 61
26 26 26 27 27 28 28 28 28 27 27 26 26 25 24 22 20 17 16 15 15 16 16 15 16 15 15 15 16 17 16 15 15 16 17 19 21 22 25 28 32 37 43 47 51 53 55 57 59 61 63 64 65 66 66 66 67 67 67 68 68 68 67 66 66 66 66 66 68 67 66 65 66 66 67 67 68 67 66 66 64 64 64 63 64 63 63 63 62 62 63 62 60 59 60 60
26 27 26 27 27 28 28 29 29 29 28 28 27 26 26 23 21 18 16 15 15 14 15 16 16 16 15 15 15 15 16 16 16 15 16 17 17 20 22 25 29 35 39 42 45 49 54 54 57 58 61 63 64 65 65 67 66 66 67 67 68 67 68 67 66 66 66 66 68 66 67 66 64 64 66 67 67 66 65 65 63 63 63 63 62 62 63 62 62 62 62 60 60 59 60 59
26 26 26 27 27 29 29 30 30 30 29 29 28 27 27 26 23 20 17 15 14 15 15 15 16 16 16 16 15 15 16 15 16 18 16 16 17 18 20 23 26 33 33 38 41 43 46 50 53 56 58 61 62 63 64 65 65 66 67 67 67 68 67 66 66 66 66 66 66 67 65 64 65 64 64 66 66 65 64 63 62 62 61 61 60 62 62 62 62 61 61 60 59 60 59 59
24 24 26 26 27 29 28 30 31 31 31 31 29 28 29 28 23 22 19 17 15 15 16 16 16 17 17 17 17 16 16 15 15 16 19 18 17 17 18 20 23 27 32 33 36 38 39 42 48 51 53 56 59 61 63 64 64 66 66 67 67 66 67 67 65 65 65 67 66 66 64 64 64 64 65 65 65 64 63 61 60 61 61 61 61 61 61 63 62 62 62 61 59 59 59 58
26 25 26 26 27 28 30 31 32 33 33 32 31 31 32 30 24 24 22 19 20 17 16 17 17 17 17 17 17 16 16 16 17 16 17 18 18 18 18 19 21 24 26 30 32 32 34 37 42 44 47 51 55 58 60 62 63 63 65 66 67 66 65 66 66 66 66 66 66 65 63 64 63 65 64 64 65 65 61 59 59 58 60 60 61 61 61 61 61 61 60 60 61 60 60 59
28 25 27 27 27 29 29 31 33 34 35 34 34 34 34 32 28 26 25 23 24 24 20 17 17 18 19 18 17 17 17 17 16 17 19 18 16 19 18 18 19 20 22 25 28 30 30 33 35 37 41 46 51 54 56 57 60 61 63 65 66 65 66 65 65 65 65 66 65 64 63 63 63 63 62 63 64 63 61 57 57 58 59 59 61 60 61 61 61 62 61 61 60 61 59 58
30 27 27 28 28 28 29 31 34 36 36 36 36 36 35 33 32 28 25 23 23 23 18 17 18 18 19 19 18 18 18 18 18 17 19 18 17 17 20 19 19 19 20 21 23 24 26 28 30 32 35 42 44 47 50 53 55 58 60 62 63 65 64 63 63 65 66 65 63 62 62 61 61 60 62 61 61 60 60 57 59 58 58 60 60 60 62 61 61 62 61 61 60 59 60 59
34 30 30 29 28 27 29 29 32 36 38 37 37 36 35 35 33 30 29 26 24 22 20 18 21 19 19 19 18 18 18 18 18 19 19 19 18 20 21 21 21 20 19 19 19 21 22 24 26 28 32 36 37 40 45 49 50 54 56 58 59 60 61 62 63 64 66 64 63 62 60 60 59 59 60 60 60 59 58 57 58 58 59 61 60 60 60 62 61 61 61 60 60 59 59 60
35 33 34 30 26 27 27 28 30 33 37 38 38 37 37 36 32 30 29 29 27 23 21 21 20 19 19 18 18 18 18 18 18 19 19 20 20 21 22 21 20 22 22 21 19 20 19 20 22 24 27 30 31 34 38 43 45 48 51 54 56 57 60 61 63 63 64 63 62 59 59 59 58 57 58 58 58 58 60 59 59 61 61 61 61 61 59 61 59 60 59 60 60 59 59 58
30 32 26 30 26 26 25 26 28 30 34 35 35 36 35 33 32 30 28 28 28 29 27 24 20 19 19 18 18 18 17 18 19 19 19 20 19 23 24 23 22 22 19 25 25 23 20 18 18 20 23 25 28 30 33 36 40 43 47 49 52 55 57 59 60 61 63 63 60 58 56 57 56 56 56 56 56 57 59 59 62 64 65 61 61 60 60 61 60 60 60 60 60 60 60 59
29 27 25 29 25 24 23 24 26 28 32 34 34 34 33 31 30 28 28 27 27 26 27 24 21 20 18 18 19 19 18 18 18 19 20 20 21 22 25 25 27 27 21 24 25 31 26 21 19 18 19 22 24 27 29 32 35 39 42 45 47 50 54 56 60 61 61 61 60 58 57 57 56 56 56 55 56 57 59 59 62 65 65 61 61 60 59 58 58 59 59 60 58 58 58 58
35 32 30 30 26 25 22 22 23 25 30 32 31 31 29 28 27 27 27 27 27 27 26 25 22 21 19 19 20 18 17 17 18 19 19 21 22 23 24 29 27 28 25 26 29 30 23 27 20 17 19 19 21 24 26 28 31 33 36 40 43 47 50 54 57 60 62 62 61 58 57 57 55 54 56 54 56 55 57 59 62 65 62 62 61 58 59 59 58 57 59 57 58 59 56 56
41 33 28 27 26 27 23 21 22 20 22 26 26 27 25 24 24 25 23 24 26 26 26 25 24 21 19 18 20 20 19 18 19 18 19 21 23 23 22 26 32 29 28 33 30 28 23 22 25 20 18 17 18 21 24 26 29 31 33 35 39 44 47 52 55 61 63 61 60 60 56 56 56 55 55 54 55 57 57 59 62 61 62 59 59 57 58 56 56 56 58 58 57 55 57 57
41 36 31 30 28 27 24 22 22 21 20 21 22 24 22 21 22 24 22 21 23 24 23 23 24 22 19 19 21 21 19 19 18 19 19 21 23 24 26 26 33 31 34 29 33 23 26 22 23 24 21 18 17 19 20 23 26 28 30 32 35 39 45 50 55 60 61 61 60 59 57 57 56 55 54 55 55 56 56 59 59 59 58 59 58 56 56 55 57 57 55 57 56 56 55 56
43 41 36 37 32 31 27 25 23 23 22 21 24 26 24 22 24 22 24 21 22 24 21 21 24 22 20 21 24 21 19 20 20 20 20 22 23 25 27 28 31 34 33 32 36 26 28 22 22 19 22 22 18 19 20 20 23 24 27 28 30 35 40 46 53 57 58 59 59 57 56 57 55 54 55 53 54 54 56 56 56 56 56 57 56 56 55 55 55 54 55 54 56 55 53 53
44 41 38 35 36 32 32 28 30 26 25 24 27 24 22 27 29 27 28 22 22 22 25 22 23 25 25 26 24 22 20 20 19 19 20 21 20 23 27 26 26 34 36 36 32 30 29 27 21 19 17 19 21 18 19 19 20 22 24 26 29 31 36 43 48 54 55 57 57 57 56 56 56 54 54 54 53 54 53 54 54 54 55 54 54 52 54 53 52 52 53 52 53 53 53 53
45 43 41 41 41 41 35 32 33 36 36 36 28 29 30 35 25 27 26 26 22 23 24 19 20 21 21 24 24 22 21 21 19 18 19 21 21 25 23 27 25 27 38 31 31 32 28 28 25 22 18 18 19 21 18 19 19 20 22 23 25 28 32 38 45 51 53 55 56 56 55 53 53 52 53 51 52 51 51 51 53 52 52 52 51 50 52 52 51 51 52 51 51 51 52 52
45 45 43 44 41 41 38 38 41 33 33 35 44 42 34 30 29 26 26 28 26 27 26 20 19 21 20 23 23 22 21 20 19 19 20 19 21 23 23 24 24 28 35 29 28 27 29 30 29 21 19 17 18 19 20 18 20 19 20 21 23 25 29 34 41 48 50 51 52 53 52 53 53 52 51 50 51 49 50 50 49 49 49 49 49 50 50 49 50 49 49 50 51 50 51 51
47 46 45 45 44 44 43 42 44 40 38 41 45 42 44 38 32 33 31 29 38 31 26 26 22 20 21 24 23 23 22 21 20 20 20 19 20 21 23 22 22 27 30 30 28 28 25 27 30 22 19 19 18 19 20 20 19 19 19 19 20 23 26 29 36 42 45 48 51 51 52 51 51 51 50 49 50 48 47 49 48 48 48 48 47 48 48 48 49 49 50 50 48 49 50 49
48 47 46 45 46 46 47 47 44 45 43 48 43 38 47 41 36 36 32 35 41 30 26 29 27 25 22 23 23 23 22 21 20 19 18 18 18 18 19 20 21 24 26 27 26 30 26 26 30 24 22 20 19 19 20 21 19 18 18 18 18 20 23 26 31 37 42 46 48 50 50 51 50 49 50 50 48 48 47 46 47 47 47 47 47 46 47 48 48 50 48 48 49 49 47 48
51 48 47 47 47 47 48 48 47 47 50 47 43 43 44 48 43 41 42 39 39 44 31 30 28 24 23 22 22 22 22 22 19 19 18 18 18 18 19 19 21 24 24 23 24 30 26 26 30 24 23 21 20 20 20 21 19 18 18 17 18 19 20 23 28 33 39 44 47 49 50 50 49 48 49 48 47 46 47 46 46 46 46 45 47 47 45 47 48 48 49 49 49 47 47 46
58 -32768 49 48 47 48 49 50 50 50 50 51 48 49 45 46 48 47 45 43 42 49 37 32 29 28 24 21 22 23 23 22 20 20 20 19 18 19 19 19 21 22 21 23 26 28 26 25 30 26 25 24 22 22 21 22 20 19 20 18 19 17 18 21 24 31 37 43 46 48 49 50 50 48 48 49 47 47 46 46 47 46 46 47 47 45 45 45 45 45 45 46 46 45 43 42
58 59 57 51 51 48 50 51 52 52 52 51 51 50 50 48 47 47 50 49 45 50 42 36 33 32 27 25 22 23 22 23 20 21 20 20 19 18 19 20 21 22 22 25 27 27 28 29 29 28 25 25 24 23 22 22 22 21 23 21 20 17 17 19 23 30 38 42 45 48 49 50 51 49 50 52 51 51 50 48 46 46 46 48 46 46 45 45 45 45 44 46 44 45 44 41
57 58 59 57 53 51 49 51 53 53 53 53 52 51 50 50 49 49 49 49 50 52 49 40 36 32 33 28 23 22 21 22 22 21 21 20 20 19 19 20 21 24 24 25 28 28 29 28 28 29 27 27 26 25 24 23 24 25 25 25 20 18 17 18 20 26 34 39 43 48 51 53 54 55 56 55 56 55 55 53 51 49 49 50 51 49 47 47 46 48 48 47 49 47 47 45
60 60 58 59 58 58 57 57 -32768 -32768 52 52 52 50 49 48 47 48 46 48 50 49 47 45 40 36 34 27 23 22 22 22 21 20 19 21 20 20 20 21 21 24 25 28 30 30 31 29 29 29 29 29 28 27 26 26 26 25 24 24 21 19 18 18 19 21 28 36 42 49 51 56 57 59 61 62 62 61 61 58 57 56 54 54 54 51 49 48 51 51 51 50 50 51 48 47
58 59 58 59 60 61 61 60 60 -32768 51 51 50 48 46 45 44 44 47 50 51 51 50 52 44 41 38 30 27 25 22 23 21 21 20 21 21 21 21 22 23 25 27 30 30 31 32 30 31 31 30 30 31 30 29 28 27 26 23 21 21 19 19 18 18 19 23 29 36 47 53 56 59 64 64 65 65 66 66 63 63 62 59 59 58 57 56 55 56 55 54 54 52 53 50 50
58 59 61 61 62 62 63 64 63 61 58 50 -32768 45 43 41 43 47 50 51 51 52 51 55 49 43 40 35 31 28 25 24 23 22 21 21 22 22 22 23 24 26 27 28 31 31 33 32 33 33 32 32 33 32 30 31 28 27 23 21 21 21 20 20 19 18 20 22 26 38 44 50 56 62 66 68 69 70 70 67 61 63 61 58 62 63 63 63 63 59 56 54 55 53 54 53
57 59 60 61 63 64 65 66 66 64 58 52 48 45 42 42 44 48 51 52 54 55 56 59 53 48 43 41 37 33 29 25 25 23 22 22 22 23 23 24 25 26 28 29 32 33 33 35 36 34 34 36 37 36 34 32 30 28 25 23 22 21 21 20 21 20 19 20 22 27 32 39 52 58 66 69 70 71 70 69 68 65 62 63 66 67 68 67 65 61 58 57 57 55 54 54
-32768 58 60 61 63 63 64 65 67 66 59 52 47 46 43 41 43 47 51 54 55 59 58 56 53 50 50 51 48 38 33 29 26 24 23 22 23 24 24 25 26 28 29 30 32 34 36 37 38 36 37 39 37 37 37 34 32 29 24 25 23 23 23 22 22 22 21 19 20 21 22 30 44 54 61 68 73 73 71 67 68 67 64 65 66 70 68 66 65 62 59 57 56 54 56 57
-32768 56 57 58 63 63 64 66 66 65 61 49 44 41 39 38 41 48 51 54 57 58 58 58 60 58 51 52 53 45 36 32 31 28 26 25 25 26 26 27 29 30 31 32 33 35 37 38 39 39 39 40 38 37 38 35 32 30 26 26 24 24 23 23 22 22 21 21 20 19 20 23 35 47 59 66 71 71 69 68 67 65 64 64 67 67 66 64 63 62 61 56 54 54 53 54
-32768 55 57 58 60 61 62 66 65 -32768 -32768 45 -32768 35 36 38 40 44 49 53 56 59 60 59 57 57 61 48 50 48 39 37 32 30 28 28 29 29 29 29 31 32 33 36 35 37 39 40 40 40 40 40 39 38 39 35 34 32 28 26 24 25 23 24 24 20 22 21 21 20 20 22 28 41 54 63 68 70 66 65 64 61 62 63 62 63 62 62 61 60 57 52 51 50 51 52
-32768 54 55 58 59 60 62 63 64 62 58 51 47 40 40 40 40 42 46 51 55 58 60 58 59 58 57 57 52 49 43 40 35 33 33 32 31 32 32 32 34 34 36 37 37 38 39 40 40 40 39 39 40 41 39 38 35 34 31 28 25 23 22 22 22 21 21 23 22 20 20 22 25 34 48 58 66 66 64 64 63 61 59 59 59 59 59 58 59 61 57 54 52 52 53 53
-32768 53 54 57 59 60 61 60 61 60 59 58 55 50 48 43 44 43 45 47 53 57 61 63 66 67 60 58 56 49 43 38 37 35 33 34 34 33 33 33 36 37 38 38 38 39 39 40 40 39 40 40 41 41 40 40 37 35 32 29 27 23 22 21 22 22 23 23 22 21 20 22 25 30 47 59 67 68 66 64 60 60 60 59 57 56 57 56 58 58 58 57 58 55 56 57
