kuenm_practice/Projection_variables/current/bio_5.asc
NCOLS 360 
NROWS 210 
XLLCORNER -125 
YLLCORNER 20 
CELLSIZE 0.166666666666667 
NODATA_value -32768 
[rows 156 to 194 of 210, columns 88 to 175 of 360]
383 384 381 393 387 382 383 367 339 361 328 315 285 292 297 306 304 311 297 300 296 296 286 305 324 325 346 346 345 351 351 352 353 356 351 339 323 325 337 346 361 372 376 351 354 343 294 313 310 304 323 325 337 346 358 362 364 365 365 363 363 363 362 362 362 361 363 362 362 360 360 361 361 359 358 357 355 354 352 350 346 343 341 339 337 336 335 333
379 377 387 393 401 365 358 355 325 339 316 310 275 308 314 304 304 295 304 310 307 294 289 298 317 336 343 352 352 352 345 338 348 350 349 341 328 328 334 325 332 357 362 358 343 337 319 322 326 314 333 333 335 349 361 365 367 368 368 366 366 366 365 364 364 364 365 365 364 364 363 364 362 359 357 357 356 353 350 347 343 339 336 334 332 332 332 331
381 379 390 380 404 376 344 346 320 329 306 310 283 285 308 295 302 307 302 299 312 304 303 294 315 331 329 346 357 358 341 338 340 339 336 341 337 336 333 325 313 336 351 353 348 336 304 310 310 339 344 343 342 343 358 366 369 371 371 371 368 368 368 369 369 368 367 367 367 366 366 365 364 361 357 356 354 352 347 343 339 335 332 331 329 329 330 331
378 378 389 385 399 377 368 332 314 327 317 306 291 282 293 302 295 309 310 299 309 306 300 314 315 309 331 342 355 358 350 342 331 332 333 335 333 334 335 329 330 336 343 330 346 343 305 313 307 310 339 352 356 352 359 367 372 374 374 373 372 370 371 373 374 373 371 370 369 368 367 366 364 362 357 355 353 350 344 339 334 331 328 328 327 -32768 -32768 -32768
375 379 390 387 389 386 379 326 320 314 335 318 286 276 280 276 276 300 291 301 302 309 317 318 327 318 334 340 346 355 348 346 344 329 330 335 329 328 336 331 329 328 342 305 333 328 320 306 312 309 332 347 360 363 366 368 371 375 376 377 377 375 373 376 376 374 374 373 370 369 368 365 362 361 359 355 352 347 341 334 329 326 325 325 -32768 -32768 -32768 -32768
372 380 388 391 388 381 372 334 329 346 348 346 298 282 272 270 270 277 283 290 296 306 311 322 330 325 332 343 347 349 347 347 340 337 342 341 341 342 340 333 332 332 340 316 314 320 317 314 315 323 338 359 364 370 375 374 367 368 375 377 377 378 376 376 375 376 376 375 373 369 365 360 361 360 359 354 350 344 337 329 326 324 -32768 -32768 -32768 -32768 -32768 -32768
365 377 387 390 384 379 372 356 345 374 346 344 306 296 280 266 267 265 276 293 292 317 317 325 329 334 335 338 340 342 347 343 341 339 340 337 333 339 339 324 326 337 339 333 326 316 323 312 312 321 309 345 363 372 380 385 377 368 375 377 376 377 379 377 377 376 376 374 372 366 361 360 360 360 358 354 348 341 334 329 326 -32768 -32768 -32768 -32768 -32768 -32768 -32768
367 382 389 387 384 381 385 373 370 366 317 325 317 312 288 267 270 271 277 293 280 303 318 317 331 328 325 329 333 336 339 344 340 343 336 337 334 332 329 329 320 331 336 334 332 308 314 321 311 314 324 335 339 362 380 387 386 381 379 377 376 377 379 379 377 375 374 373 369 364 360 360 361 361 357 352 345 338 332 328 -32768 -32768 -32768 -32768 -32768 -32768 -32768 -32768
379 384 391 388 385 390 396 382 392 361 348 363 314 288 289 292 273 276 287 293 300 313 319 322 329 326 327 331 334 339 342 346 343 342 330 335 337 334 320 327 317 320 324 326 329 300 299 321 311 315 328 350 349 368 378 384 386 384 379 375 373 374 376 380 380 376 373 370 364 361 361 362 362 360 355 349 342 336 331 -32768 -32768 -32768 -32768 -32768 -32768 -32768 -32768 -32768
379 384 388 389 392 394 398 397 398 377 366 367 334 310 291 306 292 288 282 281 294 316 307 328 334 331 328 328 330 336 339 341 345 335 338 330 334 324 328 319 314 321 325 326 328 310 293 323 329 325 313 345 361 366 380 384 384 382 378 374 371 375 374 380 383 379 375 370 362 362 363 363 362 360 354 348 341 334 331 -32768 -32768 -32768 -32768 -32768 -32768 -32768 -32768 -32768
378 381 383 385 388 394 397 399 399 366 335 364 328 301 334 322 283 285 290 288 291 306 293 327 331 325 330 324 328 333 336 343 347 340 336 336 328 311 323 308 311 320 329 329 329 317 304 325 339 314 311 350 370 373 377 375 377 381 380 378 374 374 377 380 382 380 375 370 363 363 364 363 363 360 354 347 340 334 -32768 -32768 -32768 -32768 -32768 -32768 -32768 -32768 -32768 -32768
378 379 379 379 383 389 389 383 385 368 351 364 349 327 354 327 299 288 280 283 287 297 294 325 328 317 322 321 328 332 335 343 348 346 334 339 326 326 329 325 327 332 322 331 328 319 297 298 327 330 326 356 372 375 376 358 354 368 382 379 377 378 379 381 381 378 374 371 365 363 364 363 362 359 353 346 338 333 -32768 -32768 -32768 -32768 -32768 -32768 -32768 -32768 -32768 -32768
-32768 -32768 374 372 374 381 384 378 383 383 385 385 385 375 382 372 338 286 279 275 279 287 294 321 321 309 313 320 326 330 335 341 343 346 342 343 341 338 334 330 332 334 318 334 329 330 327 327 344 353 356 343 360 361 354 365 352 351 378 353 372 380 382 381 379 376 374 370 366 363 364 364 361 358 353 345 338 330 -32768 -32768 -32768 -32768 -32768 -32768 -32768 -32768 -32768 -32768
-32768 -32768 371 370 372 377 381 383 386 388 391 393 382 351 335 359 354 317 279 283 282 283 291 305 313 304 298 315 326 331 335 336 338 342 342 346 346 340 339 335 334 333 330 320 321 318 325 319 327 334 350 320 338 344 311 334 351 358 356 355 365 373 381 381 379 375 373 370 368 365 364 363 361 358 353 345 335 328 323 -32768 -32768 -32768 -32768 -32768 -32768 -32768 -32768 -32768
-32768 -32768 -32768 -32768 -32768 376 379 381 380 389 393 391 375 365 327 308 339 305 305 298 300 283 270 274 296 284 303 314 322 326 332 333 336 339 343 348 349 344 342 339 333 335 332 330 315 337 347 351 345 336 330 320 320 330 335 334 345 356 348 351 356 376 379 379 377 374 373 371 371 367 364 362 361 358 354 346 334 326 321 -32768 -32768 -32768 -32768 -32768 -32768 -32768 -32768 -32768
-32768 -32768 -32768 -32768 -32768 -32768 378 380 379 387 393 386 373 357 334 341 312 308 286 299 280 290 271 261 287 270 280 310 321 324 326 327 334 341 342 347 349 348 347 345 338 343 328 344 331 353 348 331 319 330 339 307 298 322 331 344 347 348 333 344 348 370 376 377 377 378 376 375 375 373 367 363 360 357 354 347 336 328 321 -32768 -32768 -32768 -32768 -32768 -32768 -32768 -32768 -32768
-32768 -32768 -32768 -32768 -32768 -32768 377 378 379 384 385 376 380 344 348 371 328 320 304 287 282 274 257 259 268 277 288 310 317 317 316 321 329 337 343 348 349 350 350 350 345 349 334 344 319 355 343 323 315 315 328 334 324 323 317 336 336 333 332 327 333 347 349 370 378 379 378 378 377 376 371 365 360 356 352 346 338 331 326 -32768 -32768 -32768 -32768 -32768 -32768 -32768 -32768 -32768
-32768 -32768 -32768 -32768 -32768 375 376 374 374 377 373 377 381 369 368 359 360 329 337 284 264 263 261 251 250 265 294 304 320 315 313 315 324 332 339 344 346 349 352 353 354 354 352 353 347 342 342 334 333 321 315 326 304 321 335 330 326 325 321 337 350 343 320 357 377 380 379 378 375 372 369 363 359 355 351 346 340 334 329 325 -32768 -32768 -32768 -32768 -32768 -32768 -32768 -32768
-32768 -32768 -32768 -32768 -32768 374 376 376 374 375 376 382 384 383 379 364 322 360 346 298 264 261 263 251 251 258 291 292 311 324 318 320 319 332 337 340 342 345 351 353 356 357 358 357 354 352 346 346 345 337 334 322 301 320 333 335 334 330 322 329 353 357 349 362 377 379 379 377 372 367 365 360 359 356 351 347 343 338 332 328 -32768 -32768 -32768 -32768 -32768 -32768 -32768 -32768
-32768 -32768 -32768 -32768 -32768 373 373 372 371 372 374 377 379 376 373 366 324 329 349 300 276 267 271 267 262 263 286 297 288 314 327 335 325 329 330 338 342 340 342 344 357 360 360 359 356 353 351 349 346 344 342 337 327 327 324 324 314 312 321 333 350 361 369 368 377 377 377 374 370 362 362 360 359 356 352 348 344 340 334 330 -32768 -32768 -32768 -32768 -32768 -32768 -32768 -32768
-32768 -32768 -32768 -32768 -32768 370 370 367 367 369 371 372 371 370 369 370 364 337 339 302 252 286 295 260 256 271 260 285 279 318 331 339 345 329 336 341 345 334 327 352 355 362 362 358 354 346 346 341 339 339 339 338 336 334 320 311 303 279 255 297 322 358 370 373 374 375 374 372 371 365 362 359 359 356 353 349 345 340 336 -32768 -32768 -32768 -32768 -32768 -32768 -32768 -32768 -32768
-32768 -32768 -32768 -32768 -32768 -32768 -32768 366 365 367 367 367 366 363 364 365 366 360 356 321 280 303 311 279 250 254 274 295 260 311 332 333 342 348 347 349 357 351 341 348 350 356 359 356 352 351 343 319 317 325 328 335 337 336 330 321 300 266 234 240 282 347 367 371 373 373 373 373 372 368 363 357 358 357 353 349 345 340 338 -32768 -32768 -32768 -32768 -32768 -32768 -32768 -32768 -32768
-32768 -32768 -32768 -32768 -32768 -32768 -32768 -32768 -32768 -32768 365 364 363 362 361 365 365 370 360 346 335 314 272 269 256 250 255 286 303 313 309 299 314 334 361 351 358 358 355 350 350 345 338 340 336 338 343 344 342 329 323 321 314 314 339 337 273 288 253 225 250 314 361 367 369 370 373 373 370 367 362 355 357 357 354 350 345 341 -32768 -32768 -32768 -32768 -32768 -32768 -32768 -32768 -32768 -32768
-32768 -32768 -32768 -32768 -32768 -32768 -32768 -32768 -32768 -32768 -32768 -32768 362 362 362 365 364 368 364 350 355 345 307 246 241 237 243 249 270 317 301 292 299 319 358 362 358 346 349 347 342 343 331 334 333 327 335 332 339 335 339 338 321 320 326 332 316 312 283 243 248 293 339 359 364 367 371 372 371 369 364 360 355 357 354 350 343 343 -32768 -32768 -32768 -32768 -32768 -32768 -32768 -32768 -32768 -32768
-32768 -32768 -32768 -32768 -32768 -32768 -32768 -32768 -32768 -32768 -32768 -32768 361 361 362 364 365 368 367 368 362 336 279 310 292 265 235 250 253 295 280 305 310 313 348 359 350 350 343 345 343 343 341 330 332 328 328 327 327 333 337 335 342 344 345 346 317 315 296 276 238 284 300 353 363 368 369 367 367 364 360 359 357 356 354 350 345 -32768 -32768 -32768 -32768 -32768 -32768 -32768 -32768 -32768 -32768 -32768
-32768 -32768 -32768 -32768 -32768 -32768 -32768 -32768 -32768 -32768 -32768 -32768 -32768 360 360 362 363 364 364 366 361 359 337 345 278 280 244 254 249 271 280 275 299 308 337 346 321 336 332 330 325 330 339 336 332 328 328 329 322 323 339 330 317 344 340 337 336 303 298 282 273 280 285 325 358 365 366 350 347 346 353 355 356 355 353 350 345 -32768 -32768 -32768 -32768 -32768 -32768 -32768 -32768 -32768 -32768 -32768
354 -32768 -32768 -32768 -32768 -32768 -32768 -32768 -32768 -32768 -32768 -32768 -32768 359 359 360 360 361 362 363 363 367 345 335 311 282 269 257 250 257 279 252 281 315 310 317 293 313 323 314 318 329 328 328 326 329 326 332 325 318 331 333 307 307 340 296 323 315 296 293 285 262 275 312 351 360 363 336 347 339 350 357 354 351 352 349 346 -32768 -32768 -32768 -32768 -32768 -32768 -32768 -32768 -32768 -32768 -32768
357 -32768 358 -32768 -32768 -32768 -32768 -32768 -32768 -32768 -32768 -32768 -32768 -32768 -32768 357 357 358 359 361 360 358 351 307 259 241 226 237 238 244 258 256 259 310 314 309 306 313 307 305 313 322 318 318 326 325 321 327 335 324 319 321 321 322 328 314 317 321 312 298 290 268 255 290 334 357 363 363 361 354 355 356 350 350 350 347 -32768 -32768 -32768 -32768 -32768 -32768 -32768 -32768 -32768 -32768 -32768 -32768
354 350 347 360 -32768 -32768 -32768 -32768 -32768 -32768 -32768 -32768 -32768 -32768 -32768 -32768 356 356 357 359 349 358 354 314 314 261 255 264 246 241 246 257 257 298 311 311 307 302 292 296 305 311 310 316 327 321 321 323 326 329 323 322 313 325 316 305 318 317 308 304 299 292 267 298 331 353 359 363 363 359 359 356 351 349 349 347 -32768 -32768 -32768 -32768 -32768 -32768 -32768 -32768 -32768 -32768 -32768 -32768
345 332 359 359 -32768 -32768 -32768 -32768 -32768 -32768 -32768 -32768 -32768 -32768 -32768 -32768 -32768 -32768 356 358 359 357 354 351 329 323 310 240 243 246 240 248 261 287 302 307 307 302 290 281 295 305 309 317 325 302 305 316 320 322 322 319 313 315 312 311 318 303 297 305 300 301 289 295 309 333 355 360 363 361 357 359 354 346 347 346 -32768 -32768 -32768 -32768 -32768 -32768 -32768 -32768 -32768 -32768 -32768 -32768
337 333 351 354 -32768 -32768 -32768 -32768 -32768 -32768 -32768 -32768 -32768 -32768 -32768 -32768 -32768 -32768 -32768 356 356 357 359 359 345 296 291 292 261 243 243 242 259 278 293 294 310 308 292 289 290 303 315 323 323 303 291 305 313 313 311 311 300 297 309 310 314 307 303 305 289 301 264 250 263 291 350 361 361 360 351 356 356 344 344 343 -32768 -32768 -32768 -32768 -32768 -32768 -32768 -32768 -32768 -32768 -32768 -32768
336 325 322 346 -32768 -32768 -32768 -32768 -32768 -32768 -32768 -32768 -32768 -32768 -32768 -32768 -32768 -32768 -32768 -32768 351 350 348 345 330 325 323 256 234 223 248 241 248 264 260 293 306 300 297 284 291 298 313 319 311 302 299 302 304 304 300 299 294 295 303 308 293 300 310 305 295 300 276 243 275 299 320 359 361 360 345 345 354 350 342 340 -32768 -32768 -32768 -32768 -32768 -32768 -32768 -32768 -32768 -32768 -32768 -32768
334 316 291 340 359 359 -32768 -32768 -32768 -32768 -32768 -32768 -32768 -32768 -32768 -32768 -32768 -32768 -32768 -32768 -32768 343 338 338 336 337 300 271 269 232 262 248 237 240 245 311 286 285 296 289 295 298 309 311 303 299 299 302 303 306 303 299 297 293 298 307 284 298 316 309 311 293 305 262 280 316 308 337 361 360 343 332 343 344 335 336 -32768 -32768 -32768 -32768 -32768 -32768 -32768 -32768 -32768 -32768 -32768 -32768
335 325 293 348 346 351 -32768 -32768 -32768 -32768 -32768 -32768 -32768 -32768 -32768 -32768 -32768 -32768 -32768 -32768 -32768 -32768 334 329 330 328 316 306 292 262 275 267 243 241 264 297 263 267 281 281 282 285 293 299 306 301 302 308 311 310 307 301 299 291 290 300 298 312 318 304 316 307 295 289 292 315 310 337 356 354 326 316 325 335 329 331 -32768 -32768 -32768 -32768 -32768 -32768 -32768 -32768 -32768 -32768 -32768 -32768
336 329 303 339 339 345 -32768 -32768 -32768 -32768 -32768 -32768 -32768 -32768 -32768 -32768 -32768 -32768 -32768 -32768 -32768 -32768 -32768 323 324 326 324 318 316 282 292 268 241 264 291 288 264 276 267 289 276 281 293 301 302 308 309 315 317 312 306 302 299 293 293 293 302 310 328 317 321 318 299 305 293 298 295 344 359 354 327 298 306 325 325 326 -32768 -32768 -32768 -32768 -32768 -32768 -32768 -32768 -32768 -32768 -32768 -32768
-32768 326 316 330 337 342 -32768 -32768 -32768 -32768 -32768 -32768 -32768 -32768 -32768 -32768 -32768 -32768 -32768 -32768 -32768 -32768 -32768 323 324 325 329 329 318 286 305 300 297 286 280 275 245 300 282 271 265 280 288 287 287 306 307 313 314 309 300 297 300 299 293 305 297 301 327 325 324 324 305 318 295 310 291 355 358 354 335 318 310 318 318 320 -32768 -32768 -32768 -32768 -32768 -32768 -32768 -32768 -32768 -32768 -32768 -32768
-32768 329 327 331 -32768 -32768 -32768 -32768 -32768 -32768 -32768 -32768 -32768 -32768 -32768 -32768 -32768 -32768 -32768 -32768 -32768 -32768 -32768 -32768 324 326 330 324 322 312 315 295 300 264 260 272 263 312 284 263 268 288 279 281 286 296 294 305 306 305 296 297 301 299 299 305 308 305 325 326 329 336 324 324 312 332 332 354 357 357 350 335 325 317 315 316 -32768 -32768 -32768 -32768 -32768 -32768 -32768 -32768 -32768 -32768 -32768 -32768
-32768 -32768 -32768 -32768 -32768 -32768 -32768 -32768 -32768 -32768 -32768 -32768 -32768 -32768 -32768 -32768 -32768 -32768 -32768 -32768 -32768 -32768 -32768 -32768 -32768 326 328 330 324 322 308 279 313 276 286 293 265 331 299 274 296 287 269 277 294 289 281 294 299 298 296 295 300 301 302 305 312 306 313 308 325 341 337 330 317 333 338 347 352 356 351 339 329 321 318 315 -32768 -32768 -32768 -32768 -32768 -32768 -32768 -32768 -32768 -32768 -32768 -32768
-32768 -32768 -32768 -32768 -32768 -32768 -32768 -32768 -32768 -32768 -32768 -32768 -32768 -32768 -32768 -32768 -32768 -32768 -32768 -32768 -32768 -32768 -32768 -32768 -32768 -32768 -32768 327 326 328 321 289 309 268 314 304 261 331 311 297 297 286 268 298 295 289 280 285 296 297 294 295 293 298 294 304 311 310 325 318 337 343 340 329 314 327 332 338 345 350 348 338 329 322 318 -32768 -32768 -32768 -32768 -32768 -32768 -32768 -32768 -32768 -32768 -32768 -32768 -32768
