kuenm_practice/Projection_variables/current/bio_15.asc
NCOLS 360 
NROWS 210 
XLLCORNER -125 
YLLCORNER 20 
CELLSIZE 0.166666666666667 
NODATA_value -32768 
[rows 86 to 128 of 210, columns 192 to 287 of 360]
40 40 40 40 39 38 36 35 34 34 34 33 33 32 32 31 30 28 28 28 28 27 27 27 27 26 26 26 26 26 26 26 26 26 25 25 24 23 22 22 21 21 21 21 21 21 21 21 21 21 21 21 21 21 22 22 21 21 22 22 22 22 21 21 21 21 21 20 20 19 19 19 19 18 18 18 17 17 16 17 17 17 16 14 13 14 15 16 16 15 14 15 15 14 14 13
34 36 38 39 38 37 35 34 34 35 34 33 32 32 31 30 29 27 26 27 27 26 26 26 26 26 26 25 26 26 26 26 26 25 25 25 24 23 22 21 21 20 20 20 21 21 21 21 21 21 21 21 21 21 21 22 22 21 21 22 22 21 21 20 21 21 21 20 20 20 19 19 18 18 18 17 17 17 17 16 16 16 15 13 13 12 13 15 15 14 14 14 14 13 13 12
27 33 37 38 37 36 35 34 33 33 33 33 32 31 30 28 27 26 26 26 26 26 26 25 25 25 25 24 25 25 25 25 25 24 24 23 23 22 22 20 20 20 20 19 20 20 21 22 22 22 21 20 20 21 21 22 22 22 21 21 21 21 21 20 20 20 20 20 20 19 19 19 18 18 18 17 17 17 17 16 15 15 14 13 12 12 13 14 14 14 13 13 12 12 11 11
26 32 37 37 36 35 34 33 32 32 32 32 32 30 29 28 26 26 25 25 26 26 25 25 24 24 24 24 24 24 24 24 24 24 23 22 22 21 20 20 20 20 20 20 20 20 21 21 22 21 20 20 20 20 20 21 22 21 21 21 21 20 20 20 20 20 20 20 19 19 19 18 18 17 17 17 17 17 16 16 15 14 13 13 12 12 14 14 14 13 13 12 11 11 10 10
30 33 35 36 35 34 33 32 31 30 30 31 30 29 28 27 26 26 25 25 24 24 24 24 24 23 23 23 23 23 22 22 22 22 22 21 21 20 20 19 20 20 20 20 20 21 21 21 21 20 20 19 19 19 19 21 21 20 20 20 21 20 20 20 20 20 20 20 19 19 18 18 17 17 17 17 17 17 16 16 14 14 13 13 12 13 13 14 14 13 12 11 11 10 10 10
33 33 34 34 34 32 31 30 30 29 29 29 29 28 27 27 27 26 25 24 24 23 23 23 23 22 22 22 22 21 22 21 22 21 21 21 20 20 20 19 19 20 21 20 21 21 21 20 20 19 19 19 18 18 19 20 20 20 20 20 20 20 20 20 20 20 20 19 19 18 17 17 16 16 16 16 16 16 16 14 14 14 13 13 13 14 14 14 14 13 12 12 11 10 10 10
34 34 34 34 33 32 30 29 28 29 29 28 28 27 27 27 26 25 24 23 22 23 22 22 22 21 21 21 21 21 21 21 21 22 21 21 20 20 19 19 19 19 20 20 20 20 20 19 19 19 18 18 18 18 19 19 19 19 19 19 20 20 20 20 19 19 18 18 17 17 16 16 16 15 15 15 16 16 15 14 14 13 13 13 14 15 15 15 14 14 13 12 11 11 10 10
34 33 33 33 33 32 30 29 28 28 28 27 26 26 26 25 25 24 23 22 22 21 21 21 21 21 20 20 20 20 20 20 21 22 22 21 21 20 19 19 18 18 18 19 19 20 19 19 18 18 17 17 18 18 19 19 19 19 19 19 19 20 20 19 19 18 17 17 16 16 15 15 14 14 14 15 15 15 14 13 13 13 13 14 16 15 15 15 15 14 13 12 12 12 11 10
34 34 33 33 33 31 29 28 27 27 26 26 25 24 24 24 23 23 22 21 21 21 21 21 20 20 20 20 20 20 20 20 21 21 21 21 21 20 19 18 18 17 17 18 19 19 18 18 17 17 17 17 17 17 18 18 18 18 18 18 18 19 19 19 18 17 16 16 15 15 14 14 14 14 13 14 14 14 13 13 13 12 12 15 16 15 16 16 15 14 13 13 12 12 12 11
33 33 33 32 31 30 28 27 26 25 26 25 24 23 23 22 22 21 21 20 20 21 21 21 20 20 19 20 20 20 20 19 20 20 21 21 21 20 19 18 17 17 17 17 17 18 17 17 17 17 17 16 16 17 17 17 17 17 17 17 17 17 18 18 17 17 16 15 14 14 13 13 14 13 13 12 13 13 13 13 12 10 12 16 16 16 16 16 15 15 14 13 12 12 12 11
33 32 32 31 30 29 28 26 25 25 25 25 23 22 21 21 20 20 20 20 20 20 21 21 20 20 19 19 19 19 19 19 19 20 20 20 20 19 18 17 17 17 16 16 17 17 16 16 16 16 16 16 16 16 17 17 17 17 17 16 16 17 17 17 17 16 15 14 14 13 13 13 13 14 13 13 13 13 13 12 11 11 15 16 15 16 15 15 15 15 13 12 11 11 11 11
32 32 32 31 29 28 27 25 25 24 24 24 22 21 20 20 20 19 19 19 19 19 20 20 20 19 19 19 19 18 18 19 19 19 20 19 19 18 18 17 16 16 16 16 16 16 16 16 16 16 16 16 16 16 17 17 17 17 16 16 16 16 16 17 16 16 15 14 14 14 13 13 13 14 13 13 12 11 12 10 9 12 15 15 16 17 15 14 14 14 13 12 11 10 11 11
31 31 31 30 29 28 26 25 24 23 22 21 21 20 19 19 19 19 19 19 18 19 20 20 19 19 19 19 19 19 19 19 19 19 19 18 18 18 17 16 16 16 16 16 16 16 16 16 16 16 16 16 16 16 16 17 16 16 16 16 16 16 16 16 16 16 15 15 15 14 14 14 14 14 14 13 11 10 9 9 10 12 14 13 17 16 15 14 14 13 12 11 10 10 11 11
29 29 29 29 28 26 25 25 24 23 21 20 19 18 18 18 18 18 18 18 18 18 18 19 19 18 19 19 19 19 19 18 18 18 18 18 18 17 17 16 16 15 16 16 17 17 16 17 17 16 16 16 16 16 16 16 16 16 16 16 16 16 16 16 15 15 15 16 16 15 14 14 14 14 14 13 10 10 10 9 10 11 12 15 16 15 14 13 13 12 11 10 10 10 10 11
29 28 28 27 26 25 25 24 23 22 21 20 19 19 18 18 18 18 18 18 18 17 17 18 17 18 18 19 19 19 19 18 18 18 17 17 17 16 16 15 15 15 15 16 17 17 16 16 16 16 16 16 16 16 16 16 16 16 16 16 16 16 16 15 15 15 15 16 16 15 15 15 15 14 13 11 10 10 10 10 11 11 12 14 15 13 13 13 13 12 11 10 9 9 10 11
28 27 26 25 24 24 23 23 22 21 20 20 19 19 18 18 18 18 18 17 17 17 17 17 17 17 17 18 18 19 19 18 17 17 16 16 16 16 15 15 15 14 14 15 16 16 16 16 16 16 16 15 15 15 16 16 16 16 16 16 16 16 15 15 15 15 15 15 15 15 15 15 15 13 12 11 11 10 10 10 11 11 12 12 13 13 14 13 13 12 11 10 10 10 10 11
27 25 25 24 23 22 22 21 21 20 20 19 19 19 18 18 18 18 18 17 17 17 17 17 17 17 17 17 18 18 18 17 17 16 15 15 15 15 15 14 14 14 14 15 15 16 15 15 15 15 15 15 15 15 15 15 15 16 16 15 15 15 15 15 14 14 14 14 14 14 15 15 14 13 13 13 12 11 11 11 11 11 11 11 11 12 13 13 13 12 11 10 10 10 10 11
26 25 24 22 21 21 20 20 20 20 20 19 19 18 18 18 18 18 18 17 17 17 16 16 16 17 17 17 17 17 17 16 16 16 15 15 14 14 14 14 13 14 14 14 15 15 15 14 14 14 15 14 14 15 15 15 15 15 14 14 14 14 14 14 13 13 13 13 13 14 15 14 14 13 13 12 11 12 11 11 11 11 10 11 12 12 12 12 12 11 10 10 10 11 11 12
25 24 23 22 20 20 20 20 20 20 20 19 18 18 17 17 17 17 17 17 16 16 16 16 16 16 16 16 16 16 16 16 15 16 15 14 14 14 13 13 13 14 14 14 14 14 14 14 13 13 14 14 14 14 14 14 14 14 13 13 13 13 13 13 13 12 12 12 13 14 14 14 14 14 13 12 11 11 11 11 10 10 10 11 12 11 11 11 11 10 10 10 10 12 12 12
24 23 22 21 20 20 19 20 20 20 20 18 17 17 16 16 17 16 16 16 16 16 15 15 15 16 15 16 16 15 15 15 15 15 15 14 13 13 14 14 14 14 14 14 14 14 13 13 13 13 13 13 13 13 13 13 13 13 12 12 12 12 12 13 13 12 12 12 13 14 14 14 14 14 12 12 12 11 11 10 10 10 10 10 11 11 10 10 10 9 10 10 11 12 13 13
23 22 22 21 20 19 19 20 20 20 19 18 17 16 16 16 16 16 16 16 16 16 15 15 15 15 15 15 15 15 15 15 15 15 14 14 13 13 14 14 14 14 14 14 14 13 13 12 12 12 12 13 13 13 13 13 12 12 12 11 11 12 12 12 12 12 13 12 13 13 13 13 13 13 13 12 11 11 10 10 10 10 9 9 9 9 9 9 9 9 10 10 11 12 13 14
23 22 22 20 20 19 19 19 19 19 18 17 17 17 16 16 16 17 17 17 17 16 15 15 15 14 15 15 15 15 15 15 14 14 14 13 13 14 14 14 14 14 14 14 13 13 12 12 12 12 12 12 12 13 13 12 12 12 12 11 11 12 12 12 12 12 12 12 12 12 12 12 13 13 13 12 12 12 10 10 9 9 9 9 9 8 8 8 8 9 9 10 11 13 14 15
22 22 21 20 19 19 19 18 18 18 17 17 16 16 16 17 17 18 18 18 17 17 16 15 15 14 14 14 14 14 15 15 15 15 14 14 14 14 14 14 14 14 14 13 13 12 12 12 11 11 11 12 12 12 13 13 12 12 12 12 11 12 12 12 12 12 12 12 12 12 12 13 13 13 12 12 12 11 11 10 9 8 9 9 8 8 8 8 8 9 10 11 12 13 14 15
21 21 20 20 19 18 18 18 17 17 16 16 16 16 16 17 17 18 18 18 18 17 16 15 15 14 14 14 14 14 14 15 15 15 15 14 15 15 15 14 14 13 13 13 13 12 12 12 11 11 11 11 12 12 13 13 13 12 13 13 12 12 12 12 12 12 12 11 11 11 11 12 13 12 12 12 11 11 11 10 9 8 8 9 9 9 9 8 9 9 10 11 13 14 15 15
20 20 20 19 18 18 17 17 16 16 16 16 16 16 16 17 18 18 18 18 18 17 16 15 14 14 14 14 14 14 14 15 15 16 15 15 15 15 15 15 14 14 13 13 13 13 12 12 11 11 11 11 12 12 13 13 13 13 13 14 14 13 13 13 12 12 11 11 10 10 11 12 12 11 10 10 10 11 10 10 9 9 9 9 10 10 10 9 10 10 11 12 14 15 15 16
20 19 19 19 18 18 17 17 16 16 16 16 16 16 16 17 18 19 18 18 17 17 16 15 15 14 14 14 14 14 14 15 15 16 16 15 15 15 15 14 14 14 13 13 13 13 13 12 12 12 12 12 12 12 13 13 14 14 14 14 14 14 14 13 13 11 11 10 10 10 11 11 10 10 10 10 10 10 10 10 10 10 10 10 10 10 11 11 11 12 12 14 15 15 16 17
20 20 19 19 18 18 17 17 16 16 16 17 17 17 17 18 18 18 18 17 17 16 16 15 15 14 14 14 14 14 15 15 16 16 15 15 15 15 15 14 14 14 14 14 13 13 13 13 13 13 12 13 12 13 13 13 14 14 14 14 15 14 15 13 12 11 10 10 10 10 10 10 10 9 9 9 10 10 10 10 10 10 10 10 11 11 12 12 13 13 14 14 15 16 17 18
20 20 19 19 18 18 17 17 17 17 17 18 18 18 18 19 18 18 17 17 17 17 17 16 15 15 14 14 15 15 16 16 16 16 15 15 14 15 14 14 14 14 14 14 14 14 14 14 14 14 14 14 14 14 14 14 14 14 15 15 15 14 12 12 10 10 10 10 10 10 10 9 9 9 9 10 10 9 10 11 11 11 11 11 11 12 12 13 14 14 15 15 16 17 18 19
20 20 20 19 19 18 18 18 18 17 18 18 18 18 19 19 19 18 18 18 18 18 17 16 16 15 15 15 15 16 16 17 16 16 16 15 15 14 15 15 15 14 14 14 14 14 14 15 15 14 15 15 15 15 14 14 14 14 15 15 14 14 11 10 10 9 9 9 10 9 10 9 10 10 9 10 9 10 11 11 12 12 12 11 12 13 13 13 15 16 16 17 18 18 19 20
20 20 20 20 19 19 18 18 18 17 18 18 19 19 19 19 19 19 18 19 19 19 18 17 16 16 16 16 16 16 17 17 17 17 16 15 15 15 15 15 15 14 14 15 15 15 15 15 15 15 16 16 15 16 15 14 13 13 11 11 11 13 13 10 9 9 9 9 9 10 10 10 9 9 10 9 10 10 12 12 13 13 13 13 13 13 14 15 16 17 18 18 19 20 20 21
19 19 19 19 19 19 18 18 18 17 18 19 19 19 20 20 20 19 19 19 19 19 19 18 17 17 17 16 17 17 17 17 17 17 17 16 16 15 15 15 15 15 15 15 15 15 15 15 16 16 15 15 15 15 14 12 10 9 9 9 11 11 12 10 10 9 9 9 9 10 10 10 10 9 10 10 11 12 12 13 14 14 15 15 15 15 16 17 18 20 20 21 21 22 22 22
18 19 19 19 19 19 19 19 19 19 19 19 20 20 20 20 20 20 20 20 19 19 19 18 18 18 18 18 18 18 18 18 17 17 17 16 16 16 16 16 16 16 16 15 15 15 15 16 16 15 15 15 15 13 13 12 12 11 10 8 8 8 10 10 9 9 9 9 10 10 10 10 10 10 11 11 12 13 14 14 15 16 16 17 18 18 18 20 21 23 24 23 23 23 23 23
19 19 19 19 18 19 19 19 19 20 19 20 20 20 20 21 20 20 20 20 20 19 19 18 18 19 19 19 18 18 18 18 18 17 17 17 17 17 17 17 17 17 16 15 15 15 15 16 15 15 14 14 14 12 12 12 10 11 9 8 7 8 8 8 8 9 9 9 10 10 11 11 11 11 12 12 13 14 15 15 16 17 19 20 21 21 21 22 23 25 26 25 25 25 24 25
19 19 18 18 18 19 19 19 20 20 20 19 20 20 21 21 21 20 20 20 19 19 19 19 19 19 19 19 19 19 18 18 18 18 18 17 17 17 17 17 17 17 16 16 17 16 16 16 15 14 14 14 14 14 13 12 10 11 8 8 8 8 9 9 9 10 10 10 11 11 11 12 12 12 13 14 15 16 17 17 18 19 20 22 24 23 23 24 25 26 27 27 26 26 26 26
19 19 18 18 18 18 19 19 20 20 19 19 20 21 21 21 21 20 20 20 19 19 19 19 19 20 19 19 19 19 19 19 18 18 18 18 18 18 18 18 17 17 17 17 16 16 17 16 15 14 13 14 14 13 13 12 11 11 10 10 11 10 11 11 11 11 11 11 11 12 12 13 14 14 14 15 16 17 18 19 19 20 22 23 24 24 25 26 27 28 28 28 28 27 27 27
18 18 18 18 17 18 19 19 20 20 20 20 20 21 21 22 22 21 20 19 19 19 19 20 20 20 20 20 19 19 19 19 19 18 18 18 18 18 18 18 18 18 18 17 17 16 17 16 15 14 14 14 13 13 12 12 12 12 11 11 12 12 12 13 13 12 12 12 12 13 13 14 15 15 15 16 17 18 19 20 21 21 22 23 24 25 26 27 28 30 30 30 29 28 28 27
18 18 18 17 17 17 18 19 20 20 20 20 20 20 21 21 21 21 20 19 19 19 19 20 20 20 20 20 20 20 19 19 19 18 18 18 18 18 18 19 19 19 18 17 17 17 17 16 16 15 15 15 14 15 14 14 13 12 13 13 13 13 13 13 13 12 12 13 14 14 15 15 16 16 16 17 18 19 20 21 22 22 23 23 24 25 26 28 29 31 31 31 30 29 29 28
17 17 17 16 16 17 18 19 19 20 20 20 20 20 20 20 20 20 20 20 20 19 20 20 20 20 20 20 20 20 19 19 18 18 18 18 18 18 18 19 19 19 18 18 18 18 18 18 17 17 16 16 16 16 15 14 13 14 14 14 14 15 14 13 13 12 12 13 14 15 16 16 17 18 18 18 19 20 21 22 23 23 23 24 24 25 27 28 29 31 32 32 31 30 -32768 -32768
17 16 16 15 16 17 18 18 18 19 20 20 20 20 20 21 20 20 20 20 20 20 20 20 20 20 20 20 20 20 19 19 18 18 18 17 17 18 18 19 19 19 19 19 19 19 18 18 18 17 17 16 16 16 15 15 14 14 14 15 15 15 14 14 13 13 13 14 15 16 17 18 18 19 20 20 20 21 23 24 24 23 24 24 25 26 27 28 29 31 32 32 -32768 -32768 -32768 -32768
16 15 15 15 15 16 18 17 18 18 19 20 20 21 21 21 20 20 20 21 21 21 21 21 21 21 20 20 20 19 19 19 18 18 18 18 18 18 19 19 19 20 20 20 19 19 18 18 18 17 17 16 16 16 15 15 14 14 14 15 15 15 15 14 14 14 14 15 16 17 18 20 20 21 22 22 22 23 24 24 24 24 24 25 27 27 28 28 29 30 31 32 -32768 -32768 -32768 -32768
15 15 14 14 15 15 16 16 17 18 19 20 21 21 22 22 21 21 21 21 21 21 21 21 21 21 20 20 20 20 19 19 19 19 19 19 19 19 19 19 20 20 20 19 19 18 18 18 17 17 17 16 16 16 15 15 15 15 15 15 16 15 15 15 15 15 15 16 17 18 20 21 22 22 23 24 23 24 24 25 25 25 26 26 27 28 28 29 30 30 30 -32768 -32768 -32768 -32768 -32768
14 14 13 14 14 15 15 16 17 18 20 20 21 22 22 22 22 21 21 21 21 21 21 21 21 21 21 21 20 20 20 20 19 19 19 19 19 19 18 19 20 20 20 19 19 18 18 17 17 17 17 17 16 16 16 16 16 16 16 16 16 16 15 15 15 15 16 17 18 19 20 21 22 23 24 24 24 24 24 24 25 25 26 27 28 28 28 -32768 -32768 -32768 -32768 -32768 -32768 -32768 -32768 -32768
13 13 13 13 14 14 15 16 17 18 20 21 21 22 22 22 22 21 21 20 21 21 20 21 21 21 21 22 21 21 20 20 19 19 19 19 18 18 18 19 20 20 20 19 19 19 18 18 17 18 17 17 17 17 17 17 17 17 17 17 17 16 16 15 15 16 17 17 18 20 21 22 22 23 24 25 24 25 25 25 26 26 27 27 28 -32768 -32768 -32768 -32768 -32768 -32768 -32768 -32768 -32768 -32768 -32768
