kuenm_practice/Projection_variables/current/bio_1.asc
NCOLS 360 
NROWS 210 
XLLCORNER -125 
YLLCORNER 20 
CELLSIZE 0.166666666666667 
NODATA_value -32768 
[rows 39 to 77 of 210, columns 267 to 355 of 360]
8 9 9 9 11 12 12 13 12 13 11 11 12 11 10 8 7 8 8 9 8 7 5 7 8 9 9 9 10 9 9 8 8 7 7 7 6 6 7 6 4 4 5 8 10 13 15 17 20 22 24 24 24 23 23 25 26 27 25 20 16 9 9 14 15 19 24 28 -32768 31 28 25 23 19 18 17 8 15 20 19 15 12 12 15 12 14 21 22 25
9 10 11 11 12 13 14 14 15 15 14 13 13 12 12 10 9 9 9 9 10 11 10 10 9 9 9 10 10 10 10 9 9 8 7 7 7 6 6 8 6 7 8 10 12 17 17 18 19 20 19 18 17 17 18 19 21 24 21 20 17 21 23 24 22 24 27 -32768 29 25 23 24 20 16 15 12 14 15 18 20 17 16 15 21 23 20 23 35 33
12 13 13 14 15 16 17 17 17 16 15 14 14 13 13 12 10 10 10 11 11 11 9 10 9 7 10 10 11 11 12 11 9 8 7 7 7 5 6 9 10 9 11 15 18 21 21 20 20 20 18 18 17 12 10 8 11 13 13 13 7 10 18 23 25 28 33 31 27 19 21 22 20 16 16 15 16 16 14 18 23 21 25 28 33 32 32 41 37
15 16 17 19 19 19 19 19 18 17 18 17 17 15 15 13 11 11 12 12 11 10 11 12 13 13 12 12 13 13 13 11 9 8 10 9 7 8 9 12 12 12 17 19 22 24 26 24 21 20 20 17 15 9 4 2 -2 2 4 4 10 10 18 24 27 34 32 26 24 23 24 21 18 15 16 18 16 17 19 22 25 29 26 26 29 31 37 39 42
17 18 19 21 24 25 22 22 21 20 19 18 18 18 17 15 14 14 13 12 12 13 14 15 16 16 15 14 15 16 15 13 11 11 9 8 7 8 9 12 12 15 19 22 24 26 27 26 24 21 20 18 14 7 2 1 -2 0 2 5 23 21 18 27 35 32 27 21 20 26 26 23 21 18 16 16 19 22 24 20 21 26 26 23 22 25 31 35 42
16 19 21 23 27 29 28 25 24 21 21 20 18 17 18 17 16 16 15 15 15 16 17 17 17 15 16 16 16 17 18 18 17 15 12 10 10 11 13 14 13 16 21 24 26 27 29 25 24 24 20 18 12 7 4 2 1 3 6 25 25 26 36 39 34 28 20 21 22 25 26 26 25 24 21 21 23 25 24 20 23 24 23 26 24 25 30 36 42
18 22 24 25 26 31 30 28 25 22 19 19 18 18 18 18 17 18 17 18 18 19 19 19 18 18 19 19 18 19 21 19 19 17 14 15 14 15 13 16 17 17 22 24 27 26 32 27 27 26 24 19 13 10 10 5 2 2 6 26 32 32 40 36 29 22 19 23 26 24 25 25 28 29 27 26 27 25 23 24 25 22 22 22 21 26 31 36 42
22 26 26 25 27 28 32 29 26 24 21 20 19 19 20 19 19 19 19 19 20 20 20 21 21 20 21 21 20 22 22 21 20 20 20 17 16 16 15 18 19 20 22 22 27 32 30 29 29 29 23 17 16 13 15 12 11 9 19 21 44 41 34 31 23 20 23 26 25 25 27 29 30 32 33 31 29 27 27 28 27 22 18 16 22 25 31 39 42
28 28 29 29 30 30 33 30 29 27 25 23 23 23 23 22 21 20 20 21 21 21 22 22 22 23 23 25 27 28 26 25 25 23 21 19 16 16 16 19 20 20 21 24 27 32 31 33 31 31 28 25 22 24 26 21 22 30 34 46 43 34 27 28 25 23 27 26 28 25 25 30 33 32 32 33 34 32 31 32 25 24 22 25 25 29 35 42 43
32 30 32 32 32 32 32 34 32 30 28 27 26 25 23 24 22 21 22 24 23 22 22 24 23 25 28 30 30 30 28 29 26 23 21 20 17 19 20 21 21 23 25 26 30 34 35 35 36 37 35 36 36 37 39 39 42 46 47 42 33 29 28 29 30 30 28 28 26 24 28 31 32 33 37 38 37 34 36 36 27 24 24 28 30 34 39 43 45
36 35 34 35 35 34 34 33 34 33 30 28 27 25 25 25 25 25 25 26 26 26 26 25 28 30 31 32 31 26 31 30 28 24 23 21 20 20 23 25 25 22 26 28 31 33 38 40 42 42 43 44 44 43 45 47 46 45 40 35 30 26 29 30 31 30 29 29 25 25 30 32 34 35 39 39 39 36 34 31 28 29 28 32 35 40 43 44 45
39 39 39 39 37 36 34 35 36 35 32 28 28 27 27 27 28 27 29 30 31 30 28 28 31 31 33 34 31 31 33 31 30 29 30 25 24 25 24 23 23 24 27 32 35 40 44 45 46 49 48 47 46 45 44 44 44 40 37 29 23 29 32 32 30 29 30 29 27 29 29 32 34 34 38 39 40 37 31 33 33 33 33 37 39 42 43 44 45
43 43 43 43 42 39 36 37 35 35 36 31 30 29 28 29 32 31 34 34 35 34 34 32 34 33 36 36 34 34 35 31 34 35 35 26 22 24 26 27 25 28 34 38 42 47 48 49 51 50 47 46 45 44 43 41 38 38 34 34 31 32 32 32 28 30 32 32 30 31 33 34 34 35 34 40 42 43 39 33 35 37 39 41 44 43 43 44 45
46 46 47 46 46 46 45 42 40 39 38 36 35 34 34 35 36 35 34 38 38 38 37 35 36 36 38 39 36 36 33 33 37 36 37 32 28 27 30 31 33 38 43 44 50 52 53 52 51 49 48 46 44 40 37 33 31 39 39 37 36 32 29 31 29 33 34 34 34 36 37 36 34 36 37 42 44 45 43 41 40 40 43 45 44 44 44 46 47
48 48 48 47 46 44 43 41 37 36 34 32 32 32 34 37 40 43 45 42 42 42 41 39 38 39 41 42 40 38 37 38 40 40 39 40 33 33 34 37 41 48 51 53 54 54 53 52 51 50 48 45 38 35 35 34 35 39 40 40 34 28 30 29 30 34 36 35 32 29 38 38 38 41 40 44 43 46 44 46 45 47 46 48 48 49 50 50 49
50 49 49 48 46 42 41 37 36 35 34 33 33 34 36 38 41 45 48 51 50 48 47 43 42 43 44 43 41 42 39 40 44 43 44 43 37 38 42 45 51 54 56 56 56 55 54 53 51 50 49 43 37 34 38 38 38 36 37 37 33 28 31 32 34 36 35 37 32 23 38 44 44 43 45 45 46 46 47 48 49 50 51 53 55 55 55 53 51
52 51 50 48 46 44 43 40 36 35 35 34 34 33 34 37 42 43 47 51 53 53 53 50 47 44 45 46 44 47 45 46 49 48 48 46 45 47 52 56 57 59 59 58 58 57 55 54 51 49 46 43 41 37 40 37 35 32 35 34 28 28 31 34 36 35 33 36 39 45 46 48 46 46 47 48 48 46 47 49 49 50 53 56 55 55 56 53 51
55 53 51 50 48 46 45 43 39 36 35 35 35 34 35 37 40 47 50 52 53 54 54 54 53 51 50 49 51 53 54 56 57 57 57 57 58 58 58 60 61 62 62 61 60 59 57 55 51 47 47 44 39 41 38 35 32 34 31 31 33 34 31 34 37 38 31 30 37 46 48 49 50 50 49 49 49 51 51 51 52 52 52 55 54 54 56 56 54
57 56 55 52 50 47 47 46 44 40 38 36 37 36 37 39 42 44 43 46 50 53 54 54 56 56 56 56 58 60 59 59 60 60 59 59 60 60 62 63 64 65 64 63 61 60 57 52 49 44 46 47 44 41 35 32 28 32 32 21 28 33 32 39 35 37 40 41 46 49 50 52 52 51 49 50 51 54 55 54 54 54 52 53 53 55 58 57 54
59 58 57 55 53 50 48 48 46 45 43 41 40 39 39 40 44 46 47 48 48 50 53 53 54 55 55 57 59 60 60 61 61 60 61 62 62 63 64 65 65 65 64 64 64 61 58 53 48 47 49 46 42 37 32 27 24 22 22 32 36 37 37 38 38 42 48 49 51 52 53 54 53 53 53 54 55 57 58 57 57 58 57 55 57 58 60 58 58
60 60 60 58 55 54 51 49 48 47 47 46 44 42 43 44 47 46 47 47 50 50 51 52 55 56 57 59 60 61 62 62 62 62 64 65 65 65 64 63 64 65 66 66 66 62 54 50 49 50 48 40 37 34 34 30 27 29 28 31 29 33 39 45 43 47 51 52 54 56 58 58 55 55 54 55 57 58 59 59 60 60 59 59 60 60 -32768 -32768 -32768
62 61 61 60 59 56 55 52 52 51 51 50 48 47 47 48 49 49 49 51 52 53 54 56 57 58 59 61 62 62 63 63 63 64 65 65 63 60 54 52 58 63 66 68 65 60 56 45 49 52 45 36 34 34 35 26 34 34 35 31 36 42 50 53 54 56 56 58 59 61 62 61 58 57 56 58 59 60 60 61 62 61 62 -32768 -32768 -32768 -32768 -32768 -32768
63 63 62 60 61 60 58 57 56 55 55 54 53 52 52 52 52 53 54 55 56 57 57 58 59 61 61 62 63 64 64 63 63 63 62 59 51 48 44 43 49 61 68 68 63 58 50 44 46 47 41 38 38 39 29 35 42 37 34 36 45 49 52 58 61 62 63 62 62 65 65 62 63 62 61 61 61 61 62 61 62 60 61 -32768 -32768 -32768 -32768 -32768 62
63 65 64 62 59 58 60 61 60 58 58 57 57 56 57 57 58 58 60 60 60 60 60 60 62 63 64 64 66 66 65 64 62 57 52 47 47 44 44 49 54 63 70 70 64 57 46 53 50 42 44 43 39 47 37 46 40 36 48 51 54 55 59 61 66 68 67 63 64 67 68 65 67 66 64 64 63 63 63 63 -32768 62 63 -32768 -32768 -32768 61 62 61
54 56 63 65 62 62 64 64 62 60 61 60 60 60 60 61 62 63 63 64 63 63 63 63 64 66 67 68 68 67 65 61 57 51 48 47 45 45 45 42 56 58 67 71 65 54 52 47 49 43 51 50 48 51 38 42 42 47 56 54 59 62 65 67 70 70 67 67 69 71 71 69 70 68 68 67 66 65 -32768 -32768 -32768 -32768 -32768 -32768 -32768 61 63 61 60
51 51 60 65 64 64 65 65 64 64 63 61 62 63 63 64 67 67 68 68 67 67 66 67 68 69 70 69 68 66 63 59 52 48 47 46 47 44 39 38 45 57 69 71 62 46 53 55 50 47 54 53 50 38 31 25 41 56 58 62 63 67 69 71 72 72 72 71 71 74 73 73 72 71 -32768 -32768 -32768 -32768 -32768 -32768 -32768 -32768 -32768 -32768 62 62 63 62 60
53 52 56 65 66 66 66 65 65 66 65 63 65 65 63 66 68 71 71 70 69 70 71 71 71 71 71 70 68 64 60 56 47 45 44 45 44 41 36 30 41 55 71 72 61 45 48 50 46 51 58 49 41 34 37 48 55 64 63 66 68 71 72 73 74 75 75 75 76 76 76 75 74 74 -32768 -32768 -32768 -32768 -32768 -32768 -32768 -32768 -32768 -32768 -32768 63 64 63 62
54 54 56 61 67 68 70 72 75 77 76 75 74 74 74 75 75 74 74 73 72 73 74 74 74 74 72 68 59 61 61 53 45 43 43 44 42 44 46 45 55 58 72 73 63 46 51 55 50 55 56 51 48 47 44 55 60 63 64 69 70 74 75 76 77 77 77 78 78 78 -32768 -32768 -32768 -32768 -32768 -32768 -32768 -32768 -32768 -32768 -32768 -32768 -32768 -32768 -32768 -32768 65 65 63
58 58 60 66 71 76 78 80 83 82 81 80 79 78 77 78 78 78 77 77 76 77 77 77 77 76 72 60 52 50 60 54 46 44 43 40 38 46 47 57 61 59 73 72 68 49 52 54 56 61 55 53 57 58 60 57 64 66 68 71 74 76 78 78 78 79 -32768 -32768 -32768 79 -32768 -32768 -32768 -32768 -32768 -32768 -32768 -32768 -32768 -32768 -32768 -32768 -32768 -32768 -32768 -32768 67 66 64
64 64 65 71 75 81 84 85 85 85 84 83 82 81 81 81 81 81 81 81 80 80 80 80 79 79 74 64 56 50 55 57 49 43 40 38 45 45 48 58 64 67 74 75 66 60 48 55 62 60 59 56 61 62 63 64 64 68 71 75 79 80 -32768 -32768 -32768 -32768 -32768 -32768 -32768 -32768 -32768 -32768 -32768 -32768 -32768 -32768 -32768 -32768 -32768 -32768 -32768 -32768 -32768 -32768 -32768 -32768 67 -32768 63
67 69 70 74 82 85 86 87 87 87 87 86 85 84 84 84 84 85 85 84 84 84 83 82 80 79 76 72 66 61 59 58 55 50 45 46 50 56 52 61 66 74 77 73 63 57 53 59 65 61 62 62 65 67 64 66 69 73 77 81 83 -32768 -32768 -32768 -32768 -32768 -32768 -32768 -32768 -32768 -32768 -32768 -32768 -32768 -32768 -32768 -32768 -32768 -32768 -32768 -32768 -32768 -32768 -32768 -32768 -32768 67 67 64
71 74 75 80 84 85 86 87 88 88 87 86 84 83 83 84 86 87 86 86 86 86 84 83 82 82 81 78 76 75 73 68 64 58 53 53 51 62 62 64 73 80 75 69 59 54 56 63 67 61 60 68 71 73 72 70 74 79 81 83 -32768 -32768 -32768 -32768 -32768 -32768 -32768 -32768 -32768 -32768 -32768 -32768 -32768 -32768 -32768 -32768 -32768 -32768 -32768 -32768 -32768 -32768 -32768 -32768 -32768 -32768 -32768 -32768 -32768
74 77 78 79 80 80 82 84 84 85 85 84 82 81 82 83 85 86 86 86 87 87 86 85 83 83 83 80 77 76 75 74 71 70 71 63 65 70 68 73 80 81 76 68 57 52 61 64 68 62 62 71 72 75 76 77 80 83 84 85 -32768 -32768 -32768 -32768 -32768 -32768 -32768 -32768 -32768 -32768 -32768 -32768 -32768 -32768 -32768 -32768 -32768 -32768 -32768 -32768 -32768 -32768 -32768 -32768 -32768 -32768 -32768 -32768 -32768
76 77 79 80 81 81 82 84 84 85 85 82 78 77 77 81 85 83 83 84 85 87 87 83 78 76 74 71 63 67 66 64 63 65 73 77 76 77 75 81 83 82 78 73 52 53 59 70 68 68 63 70 74 78 81 82 85 87 87 88 -32768 -32768 -32768 -32768 -32768 -32768 -32768 -32768 -32768 -32768 -32768 -32768 -32768 -32768 -32768 -32768 -32768 -32768 -32768 -32768 -32768 -32768 -32768 -32768 -32768 -32768 -32768 -32768 -32768
79 81 82 83 83 83 84 85 86 85 80 76 72 68 72 81 80 76 74 80 81 87 87 79 74 70 70 66 62 66 64 65 62 64 61 68 71 72 74 84 86 80 69 70 58 60 64 71 72 67 68 68 77 82 85 88 90 91 92 92 -32768 -32768 -32768 -32768 -32768 -32768 -32768 -32768 -32768 -32768 -32768 -32768 -32768 -32768 -32768 -32768 -32768 -32768 -32768 -32768 -32768 -32768 -32768 -32768 -32768 -32768 -32768 -32768 -32768
84 85 85 86 86 87 87 87 86 81 73 70 69 64 71 74 77 70 71 71 80 84 78 83 76 73 70 70 64 67 65 65 64 64 60 60 66 65 67 81 87 79 69 64 62 65 71 78 71 72 69 71 80 85 88 91 93 94 93 92 -32768 -32768 -32768 -32768 -32768 -32768 -32768 -32768 -32768 -32768 -32768 -32768 -32768 -32768 -32768 -32768 -32768 -32768 -32768 -32768 -32768 -32768 -32768 -32768 -32768 -32768 -32768 -32768 -32768
87 88 89 89 89 89 86 79 76 76 71 65 64 65 70 65 70 67 71 73 75 79 73 77 75 71 73 74 71 69 67 67 66 62 60 57 63 62 75 80 87 81 72 69 64 68 72 83 74 76 73 74 83 86 90 92 96 97 -32768 -32768 -32768 -32768 -32768 -32768 -32768 -32768 -32768 -32768 -32768 -32768 -32768 -32768 -32768 -32768 -32768 -32768 -32768 -32768 -32768 -32768 -32768 -32768 -32768 -32768 -32768 -32768 -32768 -32768 -32768
90 91 92 91 86 80 77 74 75 69 65 63 63 65 68 64 64 68 70 73 72 75 75 72 74 76 76 76 73 71 68 64 62 61 57 57 57 58 64 87 88 78 73 70 67 74 82 87 84 79 78 78 85 88 92 94 97 98 98 -32768 -32768 -32768 -32768 -32768 -32768 -32768 -32768 -32768 -32768 -32768 -32768 -32768 -32768 -32768 -32768 -32768 -32768 -32768 -32768 -32768 -32768 -32768 -32768 -32768 -32768 -32768 -32768 -32768 -32768
92 92 88 82 78 76 77 77 73 71 65 65 66 65 64 67 63 65 70 73 75 77 79 76 78 78 78 77 74 71 69 66 64 62 60 53 58 65 75 91 86 80 73 73 71 76 91 94 87 80 81 83 85 90 92 94 96 98 99 99 -32768 96 95 -32768 -32768 -32768 -32768 -32768 -32768 -32768 -32768 -32768 -32768 -32768 -32768 -32768 -32768 -32768 -32768 -32768 -32768 -32768 -32768 -32768 -32768 -32768 -32768 -32768 -32768
