kuenm_practice/Projection_variables/current/bio_15.asc
NCOLS 360 
NROWS 210 
XLLCORNER -125 
YLLCORNER 20 
CELLSIZE 0.166666666666667 
NODATA_value -32768 
[rows 86 to 128 of 210, columns 0 to 95 of 360]
-32768 -32768 -32768 79 79 79 78 78 78 79 78 77 78 76 78 79 77 74 71 67 61 60 58 57 56 53 48 47 43 37 37 38 33 34 28 25 24 25 24 25 26 27 26 28 27 26 27 26 29 27 27 26 26 26 28 28 28 22 26 24 21 18 18 21 15 32 30 32 29 25 23 21 17 22 21 26 24 25 23 30 33 23 19 20 18 17 13 10 7 8 10 14 19 22 21 20
-32768 -32768 -32768 81 80 80 81 80 79 79 79 78 79 80 80 78 75 73 70 69 64 63 62 63 61 60 60 56 50 40 39 42 32 31 27 26 25 24 23 23 24 25 26 25 26 27 27 28 25 25 26 27 26 27 26 26 25 24 25 22 21 19 18 20 16 27 32 32 29 26 22 18 17 19 21 24 25 23 20 25 29 24 24 22 15 8 7 10 15 20 24 23 23 22 21 17
-32768 -32768 -32768 82 82 81 82 83 82 81 80 78 78 81 79 78 76 74 73 72 70 69 73 72 68 62 60 61 57 50 44 41 37 30 28 25 26 23 22 24 23 24 26 25 26 26 26 26 25 27 25 24 25 25 24 24 23 23 21 19 18 19 17 18 19 24 26 31 28 27 23 21 16 18 18 20 20 16 19 21 26 24 22 18 10 8 12 16 20 23 23 25 24 23 23 22
-32768 -32768 -32768 -32768 82 82 83 83 83 83 81 77 76 78 80 78 76 77 76 76 75 70 76 75 74 70 64 59 55 53 47 42 42 33 28 25 26 21 25 24 24 25 23 27 26 25 26 26 26 24 24 24 24 23 23 22 21 21 18 18 16 16 18 15 20 24 20 25 27 25 20 20 19 16 16 17 17 15 17 21 23 21 18 15 12 9 11 15 21 22 23 25 23 23 22 22
-32768 -32768 -32768 -32768 -32768 82 83 83 83 84 83 80 78 79 81 79 80 78 79 80 81 77 76 76 76 71 66 62 57 53 48 42 41 35 27 24 23 24 24 25 24 21 25 26 25 25 27 26 26 26 23 22 21 22 21 19 18 18 16 17 15 17 13 13 22 22 13 27 29 25 22 19 19 16 15 17 16 16 17 20 20 18 15 11 11 10 10 12 15 19 22 22 22 20 21 19
-32768 -32768 -32768 -32768 -32768 -32768 83 83 84 84 85 84 80 81 83 81 81 81 81 82 83 82 81 78 75 73 72 68 61 55 49 43 38 33 26 22 21 21 24 23 21 23 23 21 22 25 25 26 23 24 21 21 20 21 20 18 16 16 14 14 13 17 13 19 16 13 12 29 25 21 23 17 16 19 18 17 17 16 18 18 16 15 14 12 11 13 13 13 16 19 20 20 19 18 18 16
-32768 -32768 -32768 -32768 -32768 -32768 -32768 83 84 85 84 83 81 81 84 82 83 83 82 82 83 84 84 82 79 77 72 69 67 61 52 45 39 33 25 21 20 24 25 22 20 22 18 20 21 22 24 24 23 21 21 21 19 18 17 16 16 15 13 13 13 15 11 23 16 17 28 23 24 24 21 18 20 22 24 21 18 18 18 15 14 12 15 12 14 17 20 16 13 18 17 17 16 16 15 13
-32768 -32768 -32768 -32768 -32768 -32768 -32768 81 84 85 86 85 85 81 86 86 84 83 84 83 84 84 84 83 81 78 75 70 69 64 59 48 42 32 23 18 20 22 24 20 21 20 18 16 19 20 22 21 22 21 18 17 17 15 15 16 14 12 13 10 13 14 10 23 12 19 27 22 27 21 17 20 22 23 26 25 18 19 17 12 13 14 14 13 18 19 22 22 18 19 17 15 16 15 15 16
-32768 -32768 -32768 -32768 -32768 -32768 -32768 81 84 86 86 87 86 84 85 87 86 83 83 83 84 85 84 84 81 79 78 75 71 68 60 52 41 33 21 21 20 22 23 23 22 19 20 15 17 16 17 16 19 17 16 14 16 15 15 13 11 10 12 11 12 10 10 20 12 14 27 20 23 18 19 21 22 22 25 25 17 16 16 13 11 15 14 19 23 23 24 25 23 24 18 15 15 17 19 18
-32768 -32768 -32768 -32768 -32768 -32768 -32768 83 84 86 87 87 88 87 88 88 88 86 84 83 83 86 84 83 82 79 79 77 72 70 62 53 48 39 25 19 20 19 22 19 21 18 18 17 12 14 13 15 15 13 14 12 13 15 12 13 11 9 9 12 9 13 13 15 14 25 23 23 19 20 22 23 21 22 24 25 19 13 14 14 14 15 17 27 28 28 27 26 25 25 21 18 19 21 20 18
-32768 -32768 -32768 -32768 -32768 -32768 -32768 83 84 85 87 89 88 88 87 88 89 88 85 84 85 85 83 83 82 80 78 77 73 70 65 53 50 43 27 19 17 19 18 21 21 20 19 15 13 10 11 15 12 13 11 13 13 13 11 11 12 9 9 13 9 10 12 16 14 21 21 23 19 22 24 22 19 20 23 23 15 14 15 16 18 19 28 31 31 30 29 29 26 24 24 22 21 21 20 18
-32768 -32768 -32768 -32768 -32768 -32768 -32768 -32768 84 86 87 89 90 88 90 91 89 90 89 86 86 86 84 83 83 81 78 77 75 70 67 62 55 44 32 24 22 16 16 16 17 19 18 17 12 10 10 14 11 13 11 13 12 12 11 10 12 9 10 11 10 10 15 17 14 21 21 21 22 26 24 23 21 20 19 17 16 14 18 18 18 25 34 35 31 31 30 29 28 27 24 22 22 21 20 19
-32768 -32768 -32768 -32768 -32768 -32768 -32768 -32768 -32768 86 86 89 90 92 91 91 90 90 90 89 86 86 86 84 85 81 79 78 76 71 69 65 59 51 44 38 25 25 15 15 15 13 15 16 18 15 16 14 12 12 13 12 12 12 10 10 11 10 10 12 11 12 16 15 18 20 18 25 22 27 20 23 22 19 18 17 16 17 20 19 20 28 35 35 33 34 32 31 27 26 23 22 22 21 18 19
-32768 -32768 -32768 -32768 -32768 -32768 -32768 -32768 -32768 -32768 87 89 90 91 90 91 91 91 94 91 89 87 84 82 84 82 80 78 77 74 71 67 62 57 52 39 30 29 18 14 15 15 13 18 19 23 19 16 14 13 14 12 13 11 11 10 11 13 12 13 13 14 16 16 16 20 18 23 20 28 23 23 21 20 19 19 19 20 26 28 31 25 38 37 35 34 34 30 27 26 25 23 22 23 19 20
-32768 -32768 -32768 -32768 -32768 -32768 -32768 -32768 -32768 -32768 -32768 89 90 91 91 92 90 91 93 91 87 84 84 82 81 81 81 80 79 76 72 68 64 61 51 49 42 35 26 19 14 14 17 17 21 23 18 20 17 16 16 14 13 12 13 13 16 15 14 15 15 16 16 17 17 19 19 21 20 23 24 23 22 21 20 20 24 25 25 27 28 29 37 36 35 33 31 28 28 26 24 24 23 23 23 24
-32768 -32768 -32768 -32768 -32768 -32768 -32768 -32768 -32768 -32768 -32768 89 89 90 93 94 90 90 88 87 86 83 84 82 80 80 82 81 80 78 75 71 67 63 59 51 45 38 32 25 17 15 16 18 21 23 21 22 20 17 16 15 14 15 15 18 18 16 17 17 17 18 18 18 19 19 20 20 22 24 24 23 22 21 22 22 23 25 28 24 23 24 32 35 32 28 32 30 29 27 25 25 24 25 25 25
-32768 -32768 -32768 -32768 -32768 -32768 -32768 -32768 -32768 -32768 -32768 88 88 89 90 91 89 87 86 85 83 83 82 80 81 80 81 82 82 80 77 74 69 66 61 57 53 45 39 33 27 14 15 19 21 19 23 22 19 19 17 18 17 16 18 19 19 19 18 19 20 21 21 20 21 21 21 22 23 24 23 22 22 22 23 30 24 28 25 25 31 31 33 33 32 30 30 30 28 27 26 25 25 25 26 27
-32768 -32768 -32768 -32768 -32768 -32768 -32768 -32768 -32768 -32768 -32768 -32768 -32768 -32768 88 87 89 87 85 84 83 80 81 83 80 81 82 83 82 83 79 77 73 68 63 61 58 52 46 41 38 15 17 17 19 20 19 21 20 19 19 18 20 19 19 19 22 21 20 21 21 21 22 22 23 21 23 22 23 23 23 22 22 23 23 28 28 31 27 33 32 32 32 32 31 31 30 30 28 27 26 26 26 26 27 29
-32768 -32768 -32768 -32768 -32768 -32768 -32768 -32768 -32768 -32768 -32768 -32768 -32768 -32768 85 87 87 87 85 84 83 81 81 82 81 82 82 82 82 83 81 79 75 71 69 66 59 56 53 45 43 27 16 19 18 20 20 20 21 21 20 21 23 23 22 23 23 24 22 22 24 24 24 23 24 24 24 25 25 24 25 24 24 24 24 26 26 29 30 30 32 32 31 33 32 31 28 32 28 28 27 27 27 27 27 27
-32768 -32768 -32768 -32768 -32768 -32768 -32768 -32768 -32768 -32768 -32768 -32768 -32768 -32768 -32768 84 86 88 85 85 83 82 83 82 83 83 83 83 82 82 83 81 79 77 77 69 62 57 60 53 43 37 23 23 23 21 23 22 22 22 24 23 24 24 27 25 24 25 25 24 24 26 26 26 26 27 27 29 27 26 29 25 25 24 26 25 26 28 28 30 29 30 31 31 32 30 30 30 30 28 29 28 28 28 28 27
-32768 -32768 -32768 -32768 -32768 -32768 -32768 -32768 -32768 -32768 -32768 -32768 -32768 -32768 -32768 84 88 88 89 88 84 84 85 84 83 84 83 81 82 80 81 82 81 81 77 71 66 59 57 57 50 41 33 28 25 23 25 25 25 26 25 26 27 28 27 27 26 26 26 25 26 27 27 28 29 30 30 32 31 33 33 30 28 27 27 27 27 28 26 29 29 31 29 30 30 34 32 32 31 29 30 29 29 29 28 29
-32768 -32768 -32768 -32768 -32768 -32768 -32768 -32768 -32768 -32768 -32768 -32768 -32768 -32768 -32768 86 88 90 90 90 88 85 85 82 82 80 81 80 80 80 79 82 82 82 81 76 70 62 59 58 57 48 38 38 32 31 29 29 29 29 29 30 30 32 30 29 30 28 28 26 28 28 28 30 30 30 31 33 33 35 33 30 28 28 29 29 28 27 26 27 25 26 30 30 29 32 31 31 32 32 32 31 31 29 29 28
-32768 -32768 -32768 -32768 -32768 -32768 -32768 -32768 -32768 -32768 -32768 -32768 -32768 -32768 -32768 -32768 90 92 91 88 87 89 83 82 80 78 81 81 80 78 80 82 83 83 83 82 77 71 64 59 66 53 50 44 39 38 36 32 32 35 32 33 31 35 34 30 30 29 30 29 28 28 29 31 32 32 34 33 33 33 33 30 29 28 29 29 29 28 29 29 28 28 33 32 32 32 33 33 33 32 33 31 31 31 30 30
-32768 -32768 -32768 -32768 -32768 -32768 -32768 -32768 -32768 -32768 -32768 -32768 -32768 -32768 -32768 -32768 -32768 -32768 -32768 87 88 86 84 82 81 78 77 79 80 78 83 82 82 83 82 83 80 75 70 61 65 61 57 58 41 39 47 40 36 38 37 38 37 40 39 34 31 31 32 31 30 31 32 34 33 33 32 32 33 33 31 30 31 28 28 30 30 29 30 30 32 33 33 34 32 33 33 33 33 33 34 33 32 34 32 32
-32768 -32768 -32768 -32768 -32768 -32768 -32768 -32768 -32768 -32768 -32768 -32768 -32768 -32768 -32768 -32768 -32768 -32768 94 89 86 87 85 85 84 80 79 80 80 80 81 83 83 83 83 83 82 77 68 63 61 67 58 55 51 44 47 44 46 40 42 42 43 43 37 36 33 30 32 32 31 32 37 35 35 34 35 34 33 32 31 31 30 30 30 31 33 31 30 31 30 32 32 32 33 35 34 32 33 34 33 34 36 35 35 36
-32768 -32768 -32768 -32768 -32768 -32768 -32768 -32768 -32768 -32768 -32768 -32768 -32768 -32768 -32768 -32768 -32768 -32768 91 90 88 87 85 85 84 85 83 83 81 83 81 81 82 83 82 83 82 80 71 68 65 64 62 57 51 53 44 45 56 39 41 40 39 43 36 37 35 32 32 32 33 34 36 38 38 36 35 34 34 34 33 32 32 32 31 31 33 32 31 31 31 34 33 33 34 35 34 35 34 34 35 37 37 37 36 34
-32768 -32768 -32768 -32768 -32768 -32768 -32768 -32768 -32768 -32768 -32768 -32768 -32768 -32768 -32768 -32768 -32768 -32768 91 90 87 88 88 88 86 86 86 83 78 80 84 85 83 82 80 82 82 80 76 73 68 66 65 60 55 53 51 46 49 39 43 42 43 42 38 37 36 35 31 33 34 34 37 38 37 35 38 35 35 35 34 34 34 33 32 32 32 33 32 31 33 34 36 37 36 36 36 35 35 36 36 39 38 39 38 36
-32768 -32768 -32768 -32768 -32768 -32768 -32768 -32768 -32768 -32768 -32768 -32768 -32768 -32768 -32768 -32768 -32768 -32768 -32768 90 88 88 87 89 86 86 87 84 82 79 85 83 82 79 81 80 80 81 78 76 72 69 67 62 59 54 52 48 45 46 42 42 43 40 38 38 37 37 34 35 35 38 38 37 38 39 38 36 37 36 35 35 36 34 35 34 34 33 33 34 34 37 37 36 38 38 38 37 36 37 36 38 39 40 40 40
-32768 -32768 -32768 -32768 -32768 -32768 -32768 -32768 -32768 -32768 -32768 -32768 -32768 -32768 -32768 -32768 -32768 -32768 -32768 -32768 -32768 88 88 89 90 90 89 86 84 83 81 81 82 80 77 78 80 81 79 75 74 71 69 62 59 56 57 52 46 44 42 45 42 42 38 41 38 39 37 36 36 37 39 36 39 38 38 39 38 38 37 37 37 37 36 36 35 35 34 34 36 40 40 40 40 39 39 38 38 38 38 39 41 40 40 41
-32768 -32768 -32768 -32768 -32768 -32768 -32768 -32768 -32768 -32768 -32768 -32768 -32768 -32768 -32768 -32768 -32768 -32768 -32768 -32768 -32768 88 85 87 90 92 93 90 87 87 86 84 79 79 77 79 81 80 79 78 76 72 70 66 68 60 54 50 44 46 44 45 38 40 41 39 37 40 37 38 40 39 40 39 39 39 38 39 40 41 41 39 40 40 39 38 37 36 36 36 39 41 42 42 42 41 40 42 41 40 40 41 41 41 42 45
-32768 -32768 -32768 -32768 -32768 -32768 -32768 -32768 -32768 -32768 -32768 -32768 -32768 -32768 -32768 -32768 -32768 -32768 -32768 -32768 -32768 -32768 81 87 90 91 93 91 89 84 85 83 77 80 77 77 79 80 79 79 76 74 74 65 65 58 55 47 50 44 42 41 41 43 42 42 40 39 41 40 40 41 41 41 39 39 39 41 42 44 43 43 42 41 40 40 39 38 36 36 40 42 45 45 44 43 45 43 43 43 42 43 43 44 44 48
-32768 -32768 -32768 -32768 -32768 -32768 -32768 -32768 -32768 -32768 -32768 -32768 -32768 -32768 -32768 -32768 -32768 -32768 -32768 -32768 -32768 -32768 -32768 84 87 92 92 91 88 87 86 84 81 81 75 76 78 78 78 78 75 75 71 71 64 62 58 53 47 47 47 41 39 45 42 44 41 41 43 43 42 42 40 41 40 41 40 41 44 44 45 46 46 44 44 42 40 38 38 37 37 39 42 44 45 47 49 46 45 46 45 46 46 47 48 48
-32768 -32768 -32768 -32768 -32768 -32768 -32768 -32768 -32768 -32768 -32768 -32768 -32768 -32768 -32768 -32768 -32768 -32768 -32768 -32768 -32768 -32768 -32768 -32768 89 91 92 91 89 89 88 86 83 81 78 76 79 81 78 78 75 74 71 69 62 61 60 50 49 43 43 48 42 48 44 44 43 43 42 43 45 42 42 41 40 41 43 43 43 45 46 47 49 48 47 44 40 39 39 38 38 38 40 43 46 50 50 48 48 48 49 48 50 49 51 51
-32768 -32768 -32768 -32768 -32768 -32768 -32768 -32768 -32768 -32768 -32768 -32768 -32768 -32768 -32768 -32768 -32768 -32768 -32768 -32768 -32768 -32768 -32768 -32768 -32768 91 90 91 91 90 88 89 88 82 81 83 81 79 79 79 75 76 71 65 61 57 54 53 47 46 44 49 46 47 46 43 46 45 45 43 44 43 46 41 44 40 42 42 43 46 46 46 48 49 49 47 43 40 39 38 38 40 40 41 47 51 52 54 51 53 52 53 53 54 51 53
-32768 -32768 -32768 -32768 -32768 -32768 -32768 -32768 -32768 -32768 -32768 -32768 -32768 -32768 -32768 -32768 -32768 -32768 -32768 -32768 -32768 -32768 -32768 -32768 -32768 -32768 89 90 91 90 91 91 89 88 86 82 82 80 79 81 78 79 75 76 64 57 52 48 50 49 44 43 48 49 48 44 45 46 47 44 43 43 44 41 42 42 43 44 44 45 47 46 47 50 50 48 46 41 38 37 39 40 40 42 45 50 54 53 54 54 55 54 53 55 55 56
-32768 -32768 -32768 -32768 -32768 -32768 -32768 -32768 -32768 -32768 -32768 -32768 -32768 -32768 -32768 -32768 -32768 -32768 -32768 -32768 -32768 -32768 -32768 -32768 -32768 -32768 90 90 93 93 92 89 89 89 87 84 84 82 83 88 87 80 77 74 71 62 55 56 54 56 49 46 44 49 46 44 46 49 46 48 46 44 48 44 42 44 43 44 45 45 45 47 49 50 52 52 48 42 39 37 39 41 41 43 44 48 51 54 55 57 56 57 57 59 60 60
-32768 -32768 -32768 -32768 -32768 -32768 -32768 -32768 -32768 -32768 -32768 -32768 -32768 -32768 -32768 -32768 -32768 -32768 -32768 -32768 -32768 -32768 -32768 -32768 -32768 -32768 90 92 94 94 95 95 93 89 88 88 87 90 88 86 82 80 82 82 78 70 61 66 61 58 51 48 45 45 49 55 49 44 46 45 45 44 43 47 45 46 45 44 44 45 45 46 47 50 50 51 48 44 40 40 41 42 42 43 46 48 51 52 55 57 55 56 58 60 63 63
-32768 -32768 -32768 -32768 -32768 -32768 -32768 -32768 -32768 -32768 -32768 -32768 -32768 -32768 -32768 -32768 -32768 -32768 -32768 -32768 -32768 -32768 -32768 -32768 -32768 -32768 -32768 93 94 95 97 98 99 98 99 94 93 94 92 88 86 86 85 84 84 82 76 75 68 62 53 47 43 43 52 49 45 50 48 46 45 46 48 46 44 43 45 44 44 45 45 45 46 48 49 47 47 43 42 41 42 42 43 44 45 48 49 50 52 54 53 54 58 63 67 67
-32768 -32768 -32768 -32768 -32768 -32768 -32768 -32768 -32768 -32768 -32768 -32768 -32768 -32768 -32768 -32768 -32768 -32768 -32768 -32768 -32768 -32768 -32768 -32768 -32768 -32768 -32768 -32768 -32768 -32768 -32768 -32768 -32768 100 102 100 98 97 94 93 90 89 88 87 84 87 83 79 73 69 65 53 45 47 49 48 46 44 47 45 45 48 46 45 45 47 44 45 47 47 46 46 47 48 47 48 45 44 43 43 43 43 43 44 45 46 47 48 48 48 47 48 54 63 69 70
-32768 -32768 -32768 -32768 -32768 -32768 -32768 -32768 -32768 -32768 -32768 -32768 -32768 -32768 -32768 -32768 -32768 -32768 -32768 -32768 -32768 -32768 -32768 -32768 -32768 -32768 -32768 97 98 99 99 100 100 103 102 101 98 96 94 94 98 96 92 89 87 85 84 79 74 70 63 57 52 48 46 47 48 47 48 43 46 46 45 48 47 47 45 46 47 46 48 46 48 47 47 46 46 45 45 43 44 44 43 44 45 46 47 48 48 47 45 46 50 57 68 67
-32768 -32768 -32768 -32768 -32768 -32768 -32768 -32768 -32768 -32768 -32768 -32768 -32768 -32768 -32768 -32768 -32768 -32768 -32768 -32768 -32768 -32768 -32768 -32768 -32768 -32768 -32768 -32768 98 98 99 100 100 -32768 -32768 -32768 -32768 -32768 -32768 98 97 94 92 87 70 77 83 81 75 71 64 58 52 50 45 49 51 51 52 48 53 54 49 51 49 51 47 48 48 47 48 48 49 48 48 47 46 45 46 45 44 44 44 45 46 47 47 49 49 48 48 47 49 53 57 58
-32768 -32768 -32768 -32768 -32768 -32768 -32768 -32768 -32768 -32768 -32768 -32768 -32768 -32768 -32768 -32768 -32768 -32768 -32768 -32768 -32768 -32768 -32768 -32768 -32768 -32768 -32768 -32768 -32768 -32768 -32768 -32768 -32768 -32768 -32768 -32768 -32768 -32768 -32768 92 95 92 92 85 87 85 84 81 78 72 68 59 61 50 49 48 48 52 50 50 55 54 53 55 50 48 48 47 49 49 49 50 49 49 49 48 47 47 46 45 44 46 45 46 46 46 48 48 49 49 49 49 51 56 58 61
-32768 -32768 -32768 -32768 -32768 -32768 -32768 -32768 -32768 -32768 -32768 -32768 -32768 -32768 -32768 -32768 -32768 -32768 -32768 -32768 -32768 -32768 -32768 -32768 -32768 -32768 -32768 -32768 -32768 -32768 -32768 -32768 -32768 -32768 -32768 -32768 -32768 -32768 -32768 -32768 -32768 93 93 88 83 85 84 81 78 73 68 63 53 56 50 50 47 51 51 54 57 61 54 55 50 51 49 52 49 48 50 50 50 52 50 49 48 45 45 45 45 44 47 47 47 49 50 50 49 50 51 52 54 55 58 61
