kuenm_practice/Projection_variables/current/bio_1.asc
NCOLS 360 
NROWS 210 
XLLCORNER -125 
YLLCORNER 20 
CELLSIZE 0.166666666666667 
NODATA_value -32768 
[rows 78 to 116 of 210, columns 178 to 266 of 360]
87 86 87 88 90 92 91 89 89 89 89 87 86 85 84 84 85 87 88 89 90 92 93 92 89 88 88 89 90 90 90 90 88 87 87 87 87 86 86 86 87 88 90 92 95 98 99 99 98 98 98 98 97 96 94 91 89 89 89 89 88 87 86 84 83 85 87 89 91 93 95 96 97 96 95 96 96 97 97 97 97 96 96 95 94 93 92 90 89
90 89 89 89 90 91 92 91 91 91 91 91 91 90 88 85 86 88 89 90 92 94 96 95 93 91 92 94 95 95 94 93 92 91 90 89 88 87 86 88 90 92 93 95 97 100 101 100 99 99 98 97 97 96 96 93 92 91 89 88 88 87 86 85 86 88 90 91 93 94 97 99 98 98 97 97 98 98 99 99 99 98 98 97 95 90 89 87 85
91 90 91 90 91 93 94 94 94 95 95 94 94 94 92 90 90 91 92 93 94 97 100 99 97 97 96 97 98 97 96 96 95 94 92 91 89 90 91 92 92 93 95 96 96 98 99 99 98 97 96 96 97 97 96 95 93 91 90 89 88 88 88 88 89 91 92 93 94 96 98 99 99 99 99 99 99 99 100 100 101 100 98 94 88 86 89 87 86
90 91 91 92 94 95 95 95 96 97 97 97 97 97 96 95 95 95 96 96 97 99 100 101 100 101 100 99 99 98 97 97 96 95 95 94 94 94 95 95 94 95 96 96 96 96 96 96 96 96 96 97 98 97 96 95 93 92 91 90 90 91 91 91 92 93 94 95 95 96 97 98 98 99 99 99 99 99 99 100 100 98 96 92 89 89 92 90 89
93 93 93 94 97 97 97 96 96 96 96 96 98 99 99 99 99 99 100 100 100 101 102 102 102 103 101 99 99 98 98 96 95 95 96 98 98 97 97 96 96 97 97 97 97 96 96 96 96 96 96 97 97 97 96 95 94 93 92 92 93 94 94 94 93 94 95 96 96 96 97 98 98 98 97 97 96 95 96 97 97 94 96 94 92 92 94 93 92
98 96 95 95 97 98 97 96 95 95 95 96 97 99 100 100 102 103 102 102 102 103 102 102 101 103 103 102 101 100 98 98 97 97 98 102 100 99 99 99 98 98 98 97 97 97 97 97 96 97 97 97 97 97 96 95 94 93 94 95 96 97 97 96 95 96 96 96 97 97 98 98 99 97 95 95 94 93 93 94 93 94 96 95 94 94 95 95 94
100 98 98 97 98 99 98 97 96 95 95 96 97 99 101 102 103 105 105 105 104 103 103 102 102 103 103 102 102 101 100 100 99 99 101 104 102 101 101 102 100 100 99 98 98 98 98 98 98 98 98 99 98 97 97 96 96 95 96 97 98 98 98 98 98 98 98 98 98 98 99 99 99 97 95 94 93 91 91 92 94 95 97 96 95 95 93 94 94
102 100 100 100 101 101 100 99 99 97 97 97 98 100 102 103 104 105 106 106 106 105 104 103 103 104 103 103 103 103 103 102 102 102 104 103 103 104 103 103 102 101 101 100 100 99 99 99 99 99 100 100 100 100 99 98 97 96 97 97 98 99 100 100 100 100 99 99 98 98 99 99 99 97 95 92 90 91 91 93 95 95 97 97 96 95 94 95 97
103 102 102 103 104 105 103 102 102 101 100 100 100 101 103 105 105 106 106 107 107 106 105 105 105 105 104 104 105 105 105 104 105 106 106 106 106 106 105 104 103 102 102 102 102 101 100 99 100 100 101 102 102 101 99 98 98 98 98 98 98 99 100 101 101 101 100 99 98 98 99 99 99 97 96 91 90 90 92 93 96 96 98 98 98 97 97 98 99
105 104 102 103 106 108 105 104 104 104 104 103 103 104 105 106 106 106 107 108 108 107 108 107 106 106 106 106 107 107 107 108 109 109 108 108 108 108 107 105 104 105 104 103 103 103 102 102 102 102 103 103 103 102 101 99 99 99 99 98 98 98 99 100 101 101 100 99 99 96 98 100 100 99 98 94 93 93 94 95 99 99 99 101 100 99 98 99 100
108 107 105 106 108 108 106 105 105 106 106 107 107 107 107 108 107 107 108 109 109 109 109 109 108 107 108 109 108 108 109 110 110 110 110 110 110 109 108 107 107 107 107 106 106 105 104 104 104 103 103 103 104 103 102 101 101 101 101 100 99 98 98 99 100 101 101 100 100 99 99 101 102 102 101 97 96 96 97 99 101 103 102 100 101 100 100 102 102
112 110 109 109 108 108 107 107 107 108 110 110 111 111 110 110 108 109 110 111 111 111 112 112 110 109 109 110 111 111 112 111 111 112 112 111 112 111 110 110 109 109 109 109 108 107 106 107 106 104 104 104 104 104 104 104 104 104 103 101 98 97 98 99 101 104 105 104 101 102 101 103 104 105 106 101 100 101 101 103 104 104 105 104 101 100 101 103 100
115 114 113 112 110 109 109 108 110 110 113 114 115 115 113 113 111 112 113 113 114 115 115 115 112 111 111 111 113 113 111 112 112 113 113 113 113 113 112 112 111 112 112 111 110 109 109 109 108 107 106 105 105 106 107 107 106 106 103 101 98 99 100 100 102 105 109 110 107 104 102 104 106 108 110 106 104 102 102 104 106 105 106 105 102 100 102 104 101
118 118 118 116 113 111 111 110 111 114 116 116 117 118 116 115 114 114 115 116 117 118 117 117 116 113 112 113 115 113 113 113 113 115 115 116 115 115 114 113 113 114 114 113 112 112 112 112 111 110 108 108 108 109 111 110 108 108 106 103 101 102 102 102 105 108 112 113 109 106 105 106 108 110 110 106 104 104 102 104 105 107 107 106 104 103 104 103 101
120 122 120 119 117 115 113 113 114 116 116 118 118 117 116 117 116 116 118 118 119 120 118 117 116 116 114 114 116 114 114 114 115 116 117 117 117 117 116 115 115 114 114 114 113 113 113 114 113 112 112 111 111 111 112 111 111 110 108 106 105 106 106 106 108 110 112 112 111 109 109 109 111 112 110 106 105 105 105 106 107 109 111 110 108 108 108 106 103
122 123 124 124 122 119 117 116 117 118 119 120 119 117 117 117 118 118 119 120 120 119 117 116 114 116 118 117 118 116 116 116 117 118 118 118 118 118 117 116 115 115 115 115 115 115 116 115 114 114 113 112 112 113 113 113 114 113 111 109 109 110 109 111 113 113 112 112 111 110 111 111 112 112 111 108 106 107 108 109 110 112 114 115 111 110 110 108 105
124 125 127 127 125 123 122 120 121 121 122 122 120 118 119 118 119 119 119 119 119 118 117 116 116 117 119 120 119 118 118 118 119 119 120 120 119 119 119 118 117 116 117 117 117 117 118 117 116 116 115 114 115 114 114 115 117 116 114 112 112 112 113 116 115 115 113 112 112 111 112 113 112 111 112 110 109 109 110 111 113 115 116 115 112 111 110 109 107
126 127 128 128 128 125 122 122 121 122 122 122 122 121 120 120 121 122 120 119 119 118 118 118 119 121 120 122 121 119 119 120 121 121 122 121 120 120 120 119 118 118 118 118 119 120 121 120 119 119 118 117 116 117 116 117 119 119 118 116 115 115 118 118 118 118 115 113 113 113 114 115 113 114 114 111 112 113 114 115 116 116 114 115 112 112 111 111 108
127 128 127 126 125 123 121 121 122 122 124 124 122 122 122 123 124 125 122 120 119 119 120 120 121 123 124 124 124 124 124 124 124 124 123 123 122 122 121 121 121 120 119 120 121 122 122 122 121 122 121 119 118 118 117 119 121 122 121 119 118 118 119 119 118 118 116 114 114 114 116 117 115 116 115 114 115 116 117 118 118 117 115 114 113 113 113 113 111
127 127 127 125 124 123 122 123 123 123 124 123 121 122 123 124 127 127 125 122 121 122 122 123 123 123 123 123 125 127 129 129 127 126 125 125 125 124 123 123 123 123 122 123 123 124 125 123 124 124 123 121 119 119 119 120 122 123 122 122 123 122 121 121 119 118 117 116 116 116 117 117 114 116 118 118 117 118 119 119 119 118 117 115 114 114 114 113 112
129 129 128 126 125 125 124 124 124 123 123 121 120 121 124 126 129 128 128 126 124 123 124 123 125 126 125 124 125 128 132 131 129 128 128 127 126 125 124 124 124 124 125 126 126 126 126 126 126 125 124 122 120 119 119 120 121 124 124 124 123 123 121 121 120 119 118 117 117 117 118 117 117 116 119 121 120 120 120 120 121 120 120 118 117 115 115 111 105
130 130 129 128 127 127 127 126 126 125 125 123 121 120 124 127 128 128 128 126 125 124 124 123 124 126 126 125 125 126 129 129 130 130 129 128 127 126 124 125 126 125 127 129 129 129 128 127 126 126 126 123 121 121 122 122 123 127 126 124 122 123 124 122 121 121 120 119 119 118 118 115 116 117 119 121 123 122 121 120 121 123 122 120 117 115 109 102 98
131 131 130 130 129 129 128 128 128 128 127 126 125 124 127 129 129 129 129 126 126 125 124 124 123 125 125 125 124 125 127 128 131 130 129 128 127 127 126 126 127 128 129 131 132 131 130 129 127 127 127 126 124 125 125 126 127 131 128 126 124 123 125 124 124 122 122 121 120 121 120 117 116 117 119 120 122 121 120 120 120 121 120 117 115 112 107 100 94
132 132 131 131 130 130 129 129 129 129 128 127 126 127 130 133 131 130 129 127 128 127 125 123 123 124 124 124 124 124 127 128 130 130 130 129 128 128 127 127 128 129 131 132 133 132 132 131 130 130 130 129 127 128 128 128 130 132 131 128 126 125 126 126 126 124 124 122 122 122 122 119 118 118 118 120 121 120 120 120 119 117 116 113 112 109 100 92 85
134 134 134 135 133 130 129 129 128 129 128 128 129 130 132 133 132 130 129 129 129 129 127 125 125 125 124 124 125 124 125 128 130 130 129 130 130 129 129 129 130 132 133 134 135 135 135 134 133 132 132 131 130 129 129 130 131 134 131 130 128 128 128 129 128 127 127 125 125 122 120 121 120 120 120 121 121 122 120 120 117 114 110 106 106 107 95 94 96
136 135 136 136 135 131 130 130 129 128 128 129 129 130 132 131 130 130 129 128 128 128 129 128 127 127 126 127 125 124 124 126 128 130 131 131 130 130 129 130 133 134 134 135 136 136 136 135 135 134 133 131 130 129 129 129 130 132 134 132 130 128 129 130 131 130 128 128 125 122 123 123 123 123 122 123 122 123 123 118 116 111 106 105 103 101 103 101 106
137 137 136 136 136 134 133 132 131 130 129 129 130 131 130 128 128 128 127 126 126 127 130 130 130 129 128 126 126 126 124 125 128 131 133 132 131 131 130 131 132 133 134 137 137 137 137 137 136 135 134 133 132 131 131 130 132 132 133 133 130 128 127 129 130 129 127 125 125 124 126 127 126 124 124 125 125 124 123 121 118 115 112 109 103 101 108 111 106
137 138 138 138 137 136 135 134 133 132 130 130 130 130 129 127 125 127 126 125 126 128 131 132 132 131 130 129 128 126 126 127 129 133 134 136 134 135 135 135 134 136 137 137 139 139 138 139 138 136 135 134 133 132 132 133 133 133 133 133 131 128 128 128 128 128 125 123 123 125 125 127 126 125 123 125 125 125 122 120 117 115 113 108 104 108 110 111 98
138 139 140 140 140 138 136 134 132 131 131 131 130 129 128 126 126 127 127 127 128 129 131 132 132 131 131 130 130 128 129 130 132 136 138 138 139 139 139 138 137 137 138 138 139 140 140 140 138 137 135 135 135 135 134 134 135 136 136 135 132 131 130 128 129 128 127 126 124 125 124 125 125 124 123 121 121 121 120 118 113 109 110 104 105 107 106 109 112
140 141 142 142 140 138 135 133 131 129 129 130 130 129 128 128 129 129 129 129 129 130 131 131 130 130 130 131 131 131 133 135 137 139 139 141 142 142 140 140 140 140 140 140 140 140 139 139 139 136 136 135 136 137 137 136 137 136 135 135 133 130 130 130 130 128 127 126 125 124 123 123 121 121 122 115 118 118 117 115 112 109 105 99 101 105 108 111 113
142 143 144 143 139 137 134 132 130 129 129 129 129 130 132 134 135 134 132 131 130 130 130 130 130 130 130 132 134 136 139 141 141 142 141 141 143 143 142 141 141 141 141 141 141 141 140 139 138 136 136 135 137 139 139 139 138 136 135 134 134 132 131 130 130 128 128 127 127 125 120 118 117 113 109 116 110 118 119 114 109 107 110 105 107 108 112 111 107
145 146 145 144 140 136 134 132 130 130 131 130 132 134 136 137 139 136 134 132 130 130 130 130 131 131 133 135 138 141 143 145 145 144 143 143 143 143 142 142 142 142 142 142 141 141 141 141 140 138 137 137 137 139 140 140 139 136 136 136 133 131 129 128 128 126 128 129 127 124 123 117 119 119 120 119 126 123 121 118 118 115 105 100 101 106 110 108 108
147 148 148 146 142 138 135 133 131 135 136 135 136 138 139 141 141 139 137 134 132 132 132 132 134 135 137 139 143 145 146 146 147 146 145 144 144 143 143 142 142 142 142 142 141 141 141 142 142 140 138 137 137 138 139 139 139 137 136 136 135 132 127 126 125 124 124 127 121 122 124 124 124 125 126 128 131 129 125 123 111 104 93 102 105 108 111 119 125
149 151 150 147 143 139 136 135 136 139 139 137 138 140 143 142 142 140 140 138 135 136 136 135 138 140 143 145 147 147 147 147 148 147 147 146 144 144 143 143 143 142 142 142 140 141 142 142 141 139 138 138 140 142 142 142 140 139 138 135 133 131 126 126 125 123 121 126 128 129 128 127 127 128 131 129 129 130 127 114 109 102 98 104 105 113 123 131 133
152 151 150 148 144 140 138 137 138 139 139 138 138 142 142 142 143 143 142 140 139 139 140 141 143 146 148 150 150 150 150 149 150 150 149 147 146 145 144 144 143 142 142 142 141 139 140 139 140 140 140 143 144 143 143 143 142 140 137 135 131 126 126 127 124 121 121 133 133 131 131 131 132 133 133 130 129 123 118 107 104 100 104 113 127 132 133 136 138
154 151 150 150 146 143 141 140 139 139 139 136 138 142 143 142 142 142 142 143 143 144 145 147 148 151 153 153 152 153 152 151 151 152 151 150 148 147 146 145 145 144 143 142 141 139 139 139 139 139 141 144 145 144 142 141 142 140 138 134 127 125 126 127 129 125 133 138 137 137 134 132 135 135 133 124 113 111 105 95 96 111 121 132 133 131 135 139 143
156 153 152 151 149 144 141 138 138 137 136 136 138 141 142 143 141 141 143 145 147 148 147 150 153 155 156 156 156 155 154 153 153 154 153 152 151 149 148 146 145 144 143 142 142 141 140 140 138 138 140 142 144 145 143 140 139 140 139 136 128 127 126 127 135 138 139 141 142 139 136 134 131 130 124 119 107 106 107 108 112 132 138 136 138 139 140 143 145
157 155 154 152 150 147 143 141 138 140 139 139 141 139 139 139 141 142 142 143 146 150 151 153 156 157 158 158 158 157 155 154 155 155 153 153 153 152 150 148 147 146 145 144 142 141 141 141 141 140 141 142 144 145 143 140 139 141 139 134 130 131 129 138 138 139 141 142 141 133 127 122 107 112 107 120 123 104 98 126 135 141 141 144 144 144 144 145 147
158 157 156 155 155 154 151 150 150 146 146 145 146 145 144 143 146 148 148 148 147 149 152 156 158 159 159 159 159 158 157 156 156 156 155 155 154 153 152 150 149 148 148 146 143 141 140 140 142 142 144 145 146 144 142 140 141 139 132 130 135 131 139 141 139 139 142 140 126 113 101 94 98 103 112 118 125 118 122 136 140 136 141 146 148 147 148 147 148
