kuenm_practice/Projection_variables/current/bio_5.asc
NCOLS 360 
NROWS 210 
XLLCORNER -125 
YLLCORNER 20 
CELLSIZE 0.166666666666667 
NODATA_value -32768 
[rows 39 to 77 of 210, columns 264 to 351 of 360]
240 239 238 237 237 237 237 238 238 238 237 235 234 232 232 232 231 230 227 225 225 225 226 226 225 223 225 225 226 226 227 227 226 225 225 224 222 221 220 218 217 217 217 217 218 221 225 228 231 233 234 234 232 232 233 233 234 236 239 242 243 240 235 229 222 220 222 220 220 222 226 -32768 224 221 217 215 214 216 217 213 220 226 226 220 215 212 212 207
240 237 237 236 237 237 237 238 238 238 237 236 236 234 232 232 231 230 228 227 226 226 226 226 227 227 226 225 225 225 226 226 226 225 225 224 223 221 220 218 216 215 219 218 220 223 226 230 235 235 235 233 232 229 228 227 227 229 231 235 238 235 232 229 232 231 228 222 220 222 -32768 226 222 220 220 218 216 217 216 219 222 227 230 225 222 218 220 220
238 237 236 236 237 238 238 239 239 239 239 237 236 234 232 232 230 230 229 227 226 226 226 227 226 224 224 223 222 224 225 225 226 226 226 224 222 220 220 218 215 216 220 222 222 226 231 235 239 239 237 234 232 229 228 226 221 218 217 221 224 224 223 216 219 225 226 224 223 229 228 226 221 222 224 223 220 220 220 222 225 224 229 233 229 231 229 231
237 236 237 237 238 239 242 241 240 239 239 238 236 236 235 233 232 231 229 227 227 226 226 224 224 225 225 226 226 225 226 227 228 227 226 223 221 223 221 218 218 219 222 224 225 231 235 240 242 244 241 235 233 230 226 224 216 211 209 205 210 212 212 217 216 223 227 228 233 231 227 227 226 227 226 223 220 222 224 224 226 230 234 236 239 234 231 231
239 238 237 238 239 240 242 244 244 240 239 239 238 237 235 234 233 232 231 230 228 227 225 225 226 227 228 228 228 227 227 228 229 228 226 224 223 222 220 218 218 219 223 223 228 233 238 241 243 244 242 238 233 230 227 222 214 208 207 203 206 208 211 229 225 222 230 237 234 230 226 226 232 232 230 227 224 223 223 227 231 235 232 232 237 235 230 226
239 238 236 235 239 241 242 244 245 244 241 240 239 239 237 234 233 233 232 231 230 229 228 228 228 229 229 228 226 228 228 228 230 231 231 230 227 223 221 220 221 222 225 225 229 236 239 242 243 246 239 237 236 230 226 219 212 208 206 205 207 210 229 229 229 238 240 236 233 226 228 231 234 234 233 231 230 228 228 231 234 234 231 234 234 232 233 230
239 235 235 237 239 241 241 241 245 244 243 241 239 237 236 235 234 234 233 232 232 231 231 231 231 230 230 228 228 230 230 230 231 233 231 231 228 225 225 224 224 223 226 228 229 235 238 242 242 247 241 240 237 233 226 219 216 214 209 205 204 209 229 235 234 241 237 232 227 226 232 236 235 236 235 236 235 234 233 234 233 232 234 235 231 230 229 227
239 238 237 238 242 240 239 240 240 245 242 241 240 239 237 237 236 236 235 234 234 233 233 233 232 232 232 231 231 232 233 232 233 234 233 232 231 230 227 225 225 225 228 231 232 234 235 241 247 244 242 241 239 231 224 221 218 220 215 214 212 222 223 247 242 234 233 227 225 230 235 236 237 239 240 239 239 240 238 235 233 234 236 235 231 226 223 229
241 242 243 243 242 242 241 241 241 244 243 243 242 241 240 240 240 239 238 237 235 235 235 234 234 234 234 234 234 234 236 238 239 237 235 235 232 230 227 224 225 226 230 231 231 233 236 239 245 244 245 241 241 235 231 227 230 231 225 225 234 237 250 245 235 228 230 229 229 235 236 239 237 237 242 244 241 240 239 237 236 237 239 233 232 229 233 232
243 244 244 244 242 243 242 241 242 242 245 244 244 243 243 243 242 240 241 239 237 236 238 237 236 235 237 236 237 240 241 241 240 237 238 234 230 229 228 225 228 230 232 232 235 236 237 242 246 246 245 246 246 243 243 243 243 245 246 249 252 251 244 233 229 229 232 234 236 236 237 237 236 241 244 243 243 244 242 240 238 241 242 234 231 231 235 238
246 248 247 247 245 243 243 242 242 242 242 245 246 245 245 244 243 242 242 242 240 240 241 240 240 239 238 241 242 243 243 241 235 239 237 234 229 230 228 227 228 232 236 236 233 237 239 242 243 248 249 251 251 251 251 251 250 252 256 254 251 243 235 230 225 230 232 235 236 237 238 235 237 243 246 247 247 249 247 245 241 240 237 234 236 235 238 242
249 249 248 248 247 246 244 243 241 240 242 246 247 247 244 245 245 244 244 245 243 245 245 246 244 241 241 244 244 245 245 241 239 240 236 234 234 235 230 231 233 233 233 233 234 237 242 245 249 252 253 255 257 257 255 253 251 251 251 250 243 238 228 222 229 233 235 234 235 238 238 237 241 242 246 249 248 250 250 249 245 237 240 239 239 239 243 246
249 250 250 249 249 248 247 245 242 239 242 243 247 250 246 246 247 245 247 249 247 249 249 249 248 247 245 247 246 248 248 244 242 241 234 237 238 239 230 227 230 234 237 234 239 245 249 252 256 257 258 259 258 255 252 251 250 248 245 241 240 234 234 231 233 235 235 232 235 240 242 240 242 246 248 249 249 248 252 253 251 246 239 241 242 243 246 248
248 249 250 250 249 249 249 248 248 247 247 247 249 250 250 251 252 252 252 253 251 249 252 252 252 251 249 249 249 250 250 245 243 238 236 240 239 240 234 231 231 237 239 244 250 254 255 261 263 262 261 258 256 254 252 249 243 239 233 231 241 241 238 237 234 232 235 233 240 242 243 244 248 249 249 247 249 250 254 254 253 249 246 244 243 247 248 246
247 249 249 249 249 249 248 247 246 246 244 243 245 244 244 246 247 250 253 256 258 259 256 256 256 255 252 249 250 252 251 248 244 241 241 242 241 240 242 234 235 238 244 250 258 261 264 265 264 262 260 258 256 254 250 241 237 236 233 235 239 241 241 236 230 233 232 235 240 243 243 241 239 250 250 251 254 253 255 253 253 249 249 247 248 247 249 247
247 249 249 249 249 248 248 246 243 243 241 242 242 243 244 244 246 249 251 255 258 263 266 263 262 260 255 254 253 253 251 247 246 242 242 246 245 245 244 237 239 245 251 258 263 265 266 266 265 263 260 258 257 254 247 239 235 239 238 237 234 236 238 235 230 234 236 240 242 242 244 239 229 248 255 256 255 256 255 254 252 250 249 247 248 248 251 250
246 247 248 249 249 249 247 246 245 244 243 240 241 242 242 242 242 243 246 253 255 260 264 266 266 266 262 257 253 253 252 249 251 247 248 251 249 249 246 246 248 255 260 263 266 267 267 266 265 263 260 257 255 251 246 243 238 241 236 233 228 234 234 228 230 235 239 242 241 239 243 247 255 256 258 257 257 256 256 254 249 247 246 243 242 244 246 242
244 247 248 250 249 249 248 247 246 247 246 243 240 241 241 241 240 241 244 248 257 261 264 266 267 266 266 262 258 256 254 255 256 257 259 259 260 260 260 261 262 261 263 265 268 268 267 266 266 264 261 256 252 252 249 241 243 239 233 228 230 228 231 235 238 235 238 242 243 236 235 244 255 257 259 259 258 257 255 253 252 248 243 241 238 236 236 232
244 246 248 251 251 252 249 248 247 247 248 247 243 242 240 240 240 240 243 247 251 252 256 261 264 265 263 264 261 260 261 262 262 261 262 262 263 262 262 263 263 265 266 266 269 269 268 266 265 263 256 253 248 250 252 249 244 235 230 223 228 229 216 226 235 235 243 239 243 246 248 253 256 258 260 259 258 255 255 254 254 249 241 236 233 228 226 222
243 246 249 251 252 252 250 250 249 248 249 248 247 245 243 242 240 240 242 247 251 253 256 256 258 260 260 260 260 259 260 262 262 263 263 264 263 263 265 266 267 268 268 268 268 268 268 267 265 262 257 251 252 254 252 247 238 231 222 219 215 216 230 237 239 239 241 241 247 255 257 258 259 259 260 258 257 256 256 256 255 251 239 233 230 225 221 219
243 247 249 251 253 253 252 251 251 250 249 249 248 248 247 244 242 243 244 248 249 251 252 255 255 256 256 259 259 259 260 261 262 263 264 264 265 267 268 269 270 269 267 267 268 268 269 269 264 256 251 252 256 254 243 239 235 234 227 222 226 224 228 226 231 241 249 247 252 258 258 259 260 261 261 257 256 254 254 254 253 250 239 232 227 223 221 217
244 248 250 252 254 255 255 254 253 252 251 251 250 250 249 247 246 246 247 248 250 251 253 254 255 255 257 258 259 259 260 261 262 264 265 266 267 268 268 267 263 256 253 259 265 268 269 267 261 257 243 251 258 249 237 234 235 235 221 234 233 234 227 234 243 254 259 260 262 262 262 261 262 262 261 257 254 252 252 251 249 244 237 230 225 220 -32768 -32768
245 248 251 254 255 255 255 256 256 255 255 254 253 253 252 251 250 250 250 251 252 253 254 255 255 255 255 256 258 259 260 260 262 263 264 264 265 264 260 252 248 243 242 249 262 268 269 263 258 248 242 247 251 242 240 241 243 225 236 246 237 231 234 246 251 255 263 266 268 267 264 261 262 260 257 257 255 253 250 247 244 239 232 227 217 214 -32768 -32768
245 246 249 254 257 258 257 255 254 257 257 256 255 255 255 255 254 254 254 255 255 257 258 257 256 255 254 256 257 259 260 262 264 265 263 261 257 252 247 246 243 242 249 256 265 270 272 265 256 242 254 252 242 247 246 241 255 238 253 242 233 250 254 257 258 263 264 271 273 269 262 260 261 260 256 256 256 252 250 245 241 237 231 -32768 215 212 -32768 -32768
245 245 246 245 249 258 260 259 258 259 259 257 256 256 256 257 257 256 256 257 259 260 260 258 257 255 253 255 258 260 263 265 266 265 261 256 250 248 246 245 245 244 239 259 260 271 275 266 252 250 244 250 243 257 256 255 259 237 242 242 247 260 255 260 263 265 267 271 271 264 262 262 262 260 257 257 255 252 249 244 237 -32768 -32768 -32768 -32768 -32768 -32768 -32768
247 246 244 243 244 254 260 260 260 260 259 257 257 257 255 257 257 255 256 259 261 264 264 262 259 255 254 256 259 261 263 265 265 262 258 251 247 246 245 245 242 235 232 242 259 274 276 263 242 252 257 250 247 260 259 255 233 221 210 236 259 260 264 261 265 265 266 267 267 265 262 260 262 259 258 256 255 -32768 -32768 -32768 -32768 -32768 -32768 -32768 -32768 -32768 -32768 188
249 246 244 244 246 250 260 261 261 259 256 256 257 255 253 254 253 251 255 258 263 266 266 263 261 258 257 258 260 261 264 263 261 258 253 245 243 241 242 239 236 229 219 235 255 277 277 262 240 245 250 245 252 264 249 236 225 229 248 259 270 265 265 265 266 264 263 263 264 263 262 261 259 258 255 255 254 -32768 -32768 -32768 -32768 -32768 -32768 -32768 -32768 -32768 -32768 -32768
247 246 245 246 247 250 256 261 261 261 261 263 264 262 260 256 254 257 261 263 265 267 267 265 263 261 260 260 262 262 259 251 256 257 250 241 239 238 239 235 237 240 240 254 258 278 279 266 242 250 259 250 257 259 251 247 245 239 259 266 267 264 266 263 264 262 261 261 261 261 261 260 256 -32768 -32768 -32768 -32768 -32768 -32768 -32768 -32768 -32768 -32768 -32768 -32768 -32768 -32768 -32768
249 249 249 250 251 253 259 264 267 266 266 268 268 267 264 261 259 261 263 266 268 269 269 268 266 263 262 262 263 261 250 242 241 255 249 242 240 237 231 228 237 239 254 262 259 281 280 273 246 252 257 260 265 255 253 261 263 266 259 269 268 267 266 265 263 263 260 260 260 -32768 -32768 -32768 256 -32768 -32768 -32768 -32768 -32768 -32768 -32768 -32768 -32768 -32768 -32768 -32768 -32768 -32768 -32768
253 253 255 256 256 257 263 267 269 269 269 270 271 270 269 267 265 266 267 269 271 272 272 271 269 266 264 264 266 263 253 246 241 248 252 244 237 232 227 235 234 239 254 264 269 282 283 270 262 245 257 267 263 259 256 265 267 268 269 266 270 271 272 271 266 -32768 -32768 -32768 -32768 -32768 -32768 -32768 -32768 -32768 -32768 -32768 -32768 -32768 -32768 -32768 -32768 -32768 -32768 -32768 -32768 -32768 -32768 -32768
256 257 258 260 261 262 266 272 272 271 270 272 273 275 274 272 270 270 271 273 275 275 275 274 272 269 266 264 266 265 263 259 253 252 253 251 243 236 237 241 248 243 256 266 278 285 281 264 256 252 262 270 262 261 262 268 272 267 268 270 275 276 276 275 -32768 -32768 -32768 -32768 -32768 -32768 -32768 -32768 -32768 -32768 -32768 -32768 -32768 -32768 -32768 -32768 -32768 -32768 -32768 -32768 -32768 -32768 -32768 -32768
259 261 262 264 266 266 270 272 271 271 271 272 274 277 277 273 270 270 272 276 278 277 277 276 275 271 268 268 270 272 271 271 271 269 265 261 252 245 244 241 256 256 260 275 285 280 271 258 250 255 267 271 260 256 268 274 277 274 270 274 278 275 275 -32768 -32768 -32768 -32768 -32768 -32768 -32768 -32768 -32768 -32768 -32768 -32768 -32768 -32768 -32768 -32768 -32768 -32768 -32768 -32768 -32768 -32768 -32768 -32768 -32768
262 263 265 266 267 266 265 265 265 265 266 267 270 273 274 271 269 270 272 276 277 277 277 276 275 273 272 271 272 275 273 271 271 271 272 270 269 269 257 259 266 264 272 282 284 279 268 252 245 260 266 271 260 258 269 271 274 276 275 278 277 273 273 -32768 -32768 -32768 -32768 -32768 -32768 -32768 -32768 -32768 -32768 -32768 -32768 -32768 -32768 -32768 -32768 -32768 -32768 -32768 -32768 -32768 -32768 -32768 -32768 -32768
262 265 267 265 264 263 262 261 260 262 263 264 266 269 268 265 265 266 272 275 274 273 275 272 275 275 270 265 264 264 261 252 258 258 257 257 258 270 276 274 275 273 281 284 283 279 274 241 243 255 273 270 269 258 265 270 275 278 277 280 277 274 272 -32768 -32768 -32768 -32768 -32768 -32768 -32768 -32768 -32768 -32768 -32768 -32768 -32768 -32768 -32768 -32768 -32768 -32768 -32768 -32768 -32768 -32768 -32768 -32768 -32768
261 265 266 264 264 263 262 259 258 261 263 265 266 264 261 259 256 262 273 272 266 264 271 270 276 276 267 262 258 258 255 250 257 255 257 253 255 250 261 265 267 270 283 286 277 263 266 249 251 260 273 274 266 264 260 271 278 281 282 282 279 276 271 -32768 -32768 -32768 -32768 -32768 -32768 -32768 -32768 -32768 -32768 -32768 -32768 -32768 -32768 -32768 -32768 -32768 -32768 -32768 -32768 -32768 -32768 -32768 -32768 -32768
263 265 266 266 265 264 263 261 261 263 265 268 266 259 257 258 255 264 268 270 262 262 262 271 275 268 273 264 262 259 258 252 257 256 257 255 255 249 247 256 255 257 278 287 277 262 255 252 258 268 280 270 272 264 262 272 277 281 282 280 278 274 271 -32768 -32768 -32768 -32768 -32768 -32768 -32768 -32768 -32768 -32768 -32768 -32768 -32768 -32768 -32768 -32768 -32768 -32768 -32768 -32768 -32768 -32768 -32768 -32768 -32768
264 266 267 267 267 267 266 265 265 262 259 261 264 260 253 254 257 265 260 265 260 264 266 267 272 264 268 264 259 261 262 260 259 258 259 257 251 248 243 250 249 269 276 288 279 265 263 253 262 267 280 269 271 265 263 272 275 279 280 281 279 -32768 -32768 -32768 -32768 -32768 -32768 -32768 -32768 -32768 -32768 -32768 -32768 -32768 -32768 -32768 -32768 -32768 -32768 -32768 -32768 -32768 -32768 -32768 -32768 -32768 -32768 -32768
266 268 269 269 270 270 269 264 258 258 258 261 258 254 252 252 256 263 259 259 262 262 266 264 268 270 264 266 265 264 264 262 260 258 255 252 250 243 241 240 240 248 286 289 273 267 262 256 270 279 284 278 273 270 266 274 277 282 282 280 277 275 -32768 -32768 -32768 -32768 -32768 -32768 -32768 -32768 -32768 -32768 -32768 -32768 -32768 -32768 -32768 -32768 -32768 -32768 -32768 -32768 -32768 -32768 -32768 -32768 -32768 -32768
269 270 271 272 271 268 262 260 259 262 265 262 260 254 255 257 255 256 260 255 257 262 265 268 272 275 271 271 269 267 264 262 260 259 256 254 250 246 233 238 248 262 289 282 275 264 263 260 269 289 291 280 271 273 273 272 278 280 280 279 278 275 273 -32768 258 252 -32768 -32768 -32768 -32768 -32768 -32768 -32768 -32768 -32768 -32768 -32768 -32768 -32768 -32768 -32768 -32768 -32768 -32768 -32768 -32768 -32768 -32768
