kuenm_practice/Projection_variables/current/bio_12.asc
NCOLS 360 
NROWS 210 
XLLCORNER -125 
YLLCORNER 20 
CELLSIZE 0.166666666666667 
NODATA_value -32768 
[rows 114 to 151 of 210, columns 170 to 254 of 360]
929 946 968 987 1000 1025 1045 1069 1094 1124 1139 1153 1171 1193 1186 1189 1188 1197 1211 1212 1207 1185 1176 1153 1179 1204 1211 1208 1202 1199 1209 1211 1209 1212 1208 1216 1233 1247 1252 1253 1256 1266 1283 1300 1315 1324 1340 1350 1356 1357 1369 1372 1375 1378 1375 1363 1360 1351 1321 1289 1271 1298 1365 1416 1431 1414 1413 1431 1482 1470 1473 1461 1401 1369 1356 1319 1272 1245 1209 1203 1201 1166 1160 1152 1284
933 950 974 1001 1023 1038 1053 1074 1093 1125 1137 1155 1185 1215 1217 1213 1215 1205 1215 1223 1217 1232 1232 1240 1233 1254 1272 1271 1252 1223 1216 1222 1219 1219 1218 1216 1226 1244 1249 1250 1264 1282 1309 1317 1316 1327 1335 1348 1351 1351 1367 1379 1397 1399 1386 1372 1366 1368 1350 1341 1331 1342 1392 1428 1429 1412 1424 1459 1481 1465 1476 1416 1408 1387 1365 1334 1313 1339 1340 1352 1476 1341 1356 1160 1127
947 965 988 1015 1029 1049 1064 1084 1103 1129 1149 1161 1178 1191 1196 1174 1160 1189 1197 1208 1207 1218 1234 1255 1260 1277 1285 1287 1288 1275 1259 1240 1236 1232 1231 1231 1235 1245 1251 1257 1274 1301 1313 1320 1323 1329 1337 1344 1349 1356 1366 1384 1411 1421 1421 1405 1386 1377 1366 1359 1361 1388 1428 1448 1436 1443 1501 1508 1455 1484 1427 1414 1431 1421 1390 1391 1486 1572 1671 1728 1647 1542 1340 1245 1163
969 984 1009 1030 1045 1060 1076 1098 1116 1133 1139 1146 1156 1152 1121 1093 1108 1134 1159 1178 1195 1201 1218 1236 1265 1295 1307 1310 1296 1283 1283 1261 1250 1244 1242 1248 1245 1252 1258 1267 1287 1309 1322 1328 1333 1332 1348 1361 1369 1377 1383 1397 1419 1438 1434 1429 1428 1412 1404 1400 1400 1416 1447 1461 1485 1537 1529 1493 1489 1429 1403 1419 1430 1434 1439 1576 1582 1577 1534 1552 1537 1736 1688 1586 1321
983 993 1016 1042 1066 1082 1098 1120 1137 1152 1159 1150 1125 1087 1018 994 1053 1134 1205 1211 1212 1213 1220 1232 1253 1271 1286 1303 1303 1298 1284 1275 1261 1256 1256 1264 1262 1266 1270 1276 1286 1310 1327 1341 1355 1356 1355 1378 1398 1402 1402 1420 1436 1455 1442 1434 1433 1414 1419 1412 1414 1432 1457 1464 1507 1544 1524 1483 1474 1393 1408 1412 1441 1483 1539 1664 1676 1695 1744 1599 1721 1796 1899 1715 1620
988 1002 1034 1061 1080 1100 1124 1153 1172 1192 1192 1180 1117 1026 854 900 1049 1163 1209 1219 1229 1233 1265 1245 1250 1259 1272 1277 1283 1287 1287 1278 1267 1265 1270 1284 1281 1281 1283 1285 1298 1319 1339 1357 1377 1389 1385 1395 1407 1413 1419 1432 1445 1443 1424 1426 1428 1424 1415 1418 1421 1435 1464 1517 1527 1502 1445 1471 1390 1397 1415 1422 1500 1537 1542 1526 1578 1718 1873 1754 1936 1991 1841 1833 1592
997 1019 1045 1076 1096 1125 1149 1182 1210 1217 1220 1201 1163 1095 1044 1055 1176 1221 1251 1278 1293 1301 1318 1302 1283 1263 1265 1262 1270 1279 1280 1275 1264 1269 1285 1299 1301 1302 1300 1312 1328 1334 1360 1389 1410 1423 1415 1412 1404 1417 1422 1425 1422 1403 1402 1408 1422 1422 1435 1432 1425 1444 1492 1516 1483 1461 1489 1458 1386 1402 1413 1454 1630 1577 1563 1570 1617 1724 1801 1809 1786 1714 1549 1519 1457
1003 1019 1048 1079 1116 1156 1190 1211 1238 1255 1265 1273 1254 1241 1223 1237 1279 1315 1342 1350 1375 1395 1381 1353 1330 1300 1260 1250 1257 1267 1273 1269 1266 1279 1298 1318 1322 1323 1327 1342 1346 1350 1385 1417 1432 1438 1436 1428 1417 1423 1432 1423 1412 1393 1386 1400 1414 1422 1423 1423 1430 1433 1469 1459 1447 1499 1486 1478 1421 1426 1403 1446 1567 1604 1645 1683 1706 1744 1715 1691 1595 1527 1452 1407 1360
1006 1021 1047 1077 1132 1184 1221 1234 1252 1282 1310 1323 1334 1329 1358 1364 1391 1383 1381 1391 1400 1423 1405 1376 1348 1319 1274 1256 1255 1262 1269 1265 1271 1290 1309 1332 1348 1346 1351 1370 1375 1386 1404 1423 1442 1444 1437 1430 1417 1421 1436 1443 1441 1434 1418 1426 1433 1430 1419 1414 1418 1414 1432 1427 1477 1489 1494 1464 1419 1418 1383 1405 1501 1589 1644 1624 1615 1627 1593 1553 1436 1404 1356 1305 1283
1015 1026 1049 1074 1126 1177 1207 1227 1255 1285 1307 1334 1343 1371 1410 1455 1483 1461 1455 1444 1431 1419 1400 1377 1347 1323 1297 1272 1260 1260 1266 1268 1285 1302 1317 1335 1349 1357 1364 1380 1393 1403 1425 1447 1448 1440 1436 1406 1419 1433 1453 1465 1473 1477 1479 1463 1457 1438 1432 1438 1443 1424 1411 1443 1460 1462 1454 1403 1400 1378 1375 1379 1469 1508 1540 1538 1519 1514 1476 1410 1359 1343 1303 1254 1235
1015 1041 1059 1080 1108 1144 1177 1209 1235 1258 1290 1320 1352 1378 1390 1422 1451 1453 1449 1437 1419 1395 1373 1372 1340 1324 1309 1289 1264 1264 1272 1283 1295 1311 1323 1335 1346 1361 1373 1381 1396 1416 1432 1448 1454 1443 1426 1392 1418 1444 1462 1484 1502 1506 1512 1493 1478 1477 1473 1460 1447 1423 1427 1436 1433 1443 1406 1399 1379 1359 1349 1360 1416 1437 1456 1464 1441 1409 1377 1346 1311 1294 1268 1230 1211
1020 1055 1075 1093 1107 1137 1170 1188 1213 1233 1260 1287 1311 1329 1350 1364 1388 1401 1414 1401 1379 1358 1353 1354 1344 1325 1314 1302 1278 1278 1288 1299 1308 1315 1328 1345 1358 1372 1383 1392 1404 1424 1439 1446 1437 1431 1427 1403 1411 1438 1467 1492 1504 1510 1510 1496 1477 1468 1453 1437 1439 1432 1432 1415 1416 1416 1415 1408 1392 1359 1336 1334 1357 1382 1403 1398 1383 1339 1316 1298 1278 1243 1231 1212 1196
1013 1053 1076 1091 1112 1134 1161 1180 1197 1215 1235 1252 1279 1296 1312 1321 1337 1357 1367 1367 1355 1343 1329 1331 1337 1332 1324 1320 1317 1309 1307 1313 1313 1316 1330 1360 1375 1383 1393 1401 1416 1427 1434 1427 1424 1421 1422 1407 1407 1432 1463 1492 1504 1504 1505 1485 1470 1452 1436 1426 1428 1456 1423 1393 1400 1420 1434 1439 1412 1401 1382 1355 1340 1338 1351 1346 1333 1303 1282 1256 1244 1230 1211 1202 1186
1001 1038 1071 1098 1115 1137 1158 1173 1191 1207 1221 1238 1261 1272 1270 1270 1282 1318 1345 1351 1339 1326 1320 1319 1334 1340 1345 1341 1344 1343 1329 1323 1321 1320 1341 1375 1387 1393 1398 1398 1413 1419 1425 1422 1423 1423 1414 1407 1408 1413 1454 1486 1503 1504 1504 1483 1464 1444 1428 1408 1445 1431 1407 1389 1388 1425 1455 1442 1434 1420 1380 1351 1314 1301 1303 1297 1283 1269 1250 1231 1220 1224 1211 1204 1199
1010 1046 1078 1101 1114 1132 1148 1160 1172 1190 1214 1234 1243 1241 1231 1219 1230 1272 1315 1333 1328 1319 1309 1310 1319 1338 1352 1366 1365 1367 1351 1339 1331 1331 1341 1367 1381 1389 1387 1390 1424 1434 1437 1439 1435 1424 1408 1413 1414 1407 1440 1474 1497 1493 1489 1486 1463 1451 1428 1414 1429 1425 1399 1388 1396 1425 1445 1451 1435 1400 1368 1321 1304 1283 1271 1265 1250 1245 1229 1215 1206 1219 1209 1205 1199
1011 1046 1074 1090 1105 1119 1131 1135 1144 1169 1193 1217 1226 1226 1214 1191 1201 1242 1291 1317 1319 1306 1295 1295 1306 1328 1354 1371 1375 1378 1366 1354 1344 1336 1339 1359 1379 1390 1388 1399 1436 1446 1440 1438 1437 1428 1409 1412 1406 1403 1433 1458 1477 1467 1460 1468 1470 1464 1448 1427 1435 1416 1414 1415 1452 1477 1456 1449 1438 1385 1344 1326 1301 1287 1277 1261 1238 1231 1214 1205 1198 1201 1204 1210 1208
1008 1033 1057 1076 1095 1117 1132 1128 1130 1155 1179 1194 1202 1212 1206 1196 1203 1230 1263 1287 1302 1301 1288 1283 1308 1326 1349 1372 1390 1387 1377 1367 1358 1352 1349 1367 1389 1401 1396 1412 1437 1450 1449 1446 1441 1428 1414 1396 1391 1392 1405 1434 1442 1434 1427 1445 1466 1473 1462 1447 1428 1427 1433 1468 1487 1477 1454 1454 1418 1372 1345 1331 1304 1292 1284 1260 1240 1224 1209 1192 1184 1189 1192 1189 1191
997 1018 1040 1058 1086 1109 1120 1120 1125 1140 1157 1176 1190 1207 1208 1207 1213 1230 1253 1265 1291 1301 1298 1298 1315 1337 1354 1375 1397 1394 1387 1382 1380 1371 1366 1375 1395 1405 1407 1417 1431 1440 1453 1450 1443 1433 1424 1400 1386 1390 1395 1411 1419 1411 1406 1427 1450 1466 1465 1451 1425 1431 1465 1476 1468 1474 1449 1429 1393 1366 1350 1334 1307 1298 1283 1264 1234 1212 1206 1193 1178 1184 1176 1180 1171
975 1003 1029 1049 1073 1089 1093 1095 1107 1120 1137 1158 1182 1198 1205 1207 1212 1240 1261 1275 1300 1325 1325 1319 1325 1337 1355 1366 1388 1391 1392 1396 1398 1394 1381 1381 1391 1405 1411 1419 1427 1435 1442 1442 1441 1434 1421 1418 1398 1393 1397 1399 1399 1389 1406 1425 1427 1445 1451 1443 1418 1421 1450 1471 1461 1460 1451 1433 1380 1351 1345 1336 1312 1295 1272 1251 1218 1195 1183 1183 1176 1165 1168 1177 1165
957 986 1017 1053 1069 1070 1071 1076 1092 1116 1138 1158 1175 1192 1212 1214 1211 1226 1259 1282 1307 1329 1337 1335 1332 1332 1336 1341 1367 1382 1393 1403 1412 1413 1404 1387 1380 1389 1388 1390 1407 1424 1434 1437 1443 1441 1437 1423 1417 1411 1413 1399 1387 1382 1395 1413 1412 1428 1429 1424 1415 1403 1426 1455 1450 1455 1449 1433 1372 1325 1313 1303 1286 1258 1232 1216 1196 1164 1150 1169 1176 1170 1164 1165 1161
941 964 993 1032 1061 1066 1058 1064 1081 1106 1139 1164 1185 1209 1224 1226 1214 1200 1234 1272 1307 1340 1362 1354 1348 1335 1321 1324 1349 1371 1388 1404 1413 1415 1401 1384 1373 1355 1347 1362 1391 1417 1434 1442 1448 1448 1434 1427 1426 1431 1428 1419 1394 1382 1382 1389 1389 1391 1396 1395 1384 1376 1377 1413 1427 1425 1418 1404 1353 1283 1252 1247 1247 1249 1221 1189 1186 1159 1138 1163 1175 1169 1157 1157 1152
943 951 980 1012 1045 1055 1057 1070 1090 1114 1138 1164 1185 1207 1227 1232 1224 1207 1222 1264 1311 1352 1387 1384 1377 1361 1340 1336 1352 1373 1391 1405 1416 1410 1392 1391 1366 1337 1313 1349 1392 1428 1453 1455 1453 1438 1427 1423 1451 1450 1449 1429 1413 1401 1388 1378 1365 1334 1326 1344 1336 1318 1333 1371 1378 1382 1369 1349 1301 1236 1193 1203 1236 1232 1207 1181 1178 1160 1148 1158 1167 1164 1155 1142 1148
946 960 979 1001 1026 1042 1052 1069 1094 1122 1148 1167 1190 1206 1221 1234 1241 1235 1242 1274 1311 1356 1397 1414 1422 1404 1388 1373 1375 1382 1395 1404 1412 1410 1410 1396 1384 1357 1331 1368 1420 1451 1469 1471 1461 1444 1427 1439 1472 1484 1466 1449 1429 1419 1405 1390 1363 1326 1325 1334 1341 1326 1332 1353 1355 1351 1345 1318 1282 1237 1196 1207 1233 1229 1209 1182 1173 1166 1160 1157 1167 1163 1153 1134 1135
944 969 984 998 1021 1040 1062 1073 1096 1120 1143 1171 1189 1209 1223 1238 1249 1257 1264 1282 1313 1347 1396 1444 1465 1446 1431 1418 1404 1400 1404 1408 1408 1415 1424 1420 1413 1403 1393 1419 1448 1471 1484 1477 1472 1461 1447 1452 1493 1521 1493 1466 1458 1446 1420 1404 1383 1370 1359 1366 1367 1362 1358 1365 1361 1347 1342 1313 1288 1263 1243 1239 1241 1235 1215 1193 1170 1168 1170 1162 1167 1167 1152 1139 1137
940 970 987 1003 1022 1049 1068 1074 1098 1119 1141 1169 1198 1214 1232 1247 1258 1275 1290 1298 1320 1349 1397 1449 1465 1465 1462 1458 1438 1431 1429 1426 1420 1441 1442 1444 1444 1454 1453 1462 1482 1497 1489 1483 1478 1466 1470 1469 1499 1513 1506 1493 1486 1476 1447 1427 1426 1411 1408 1418 1420 1404 1387 1372 1357 1349 1335 1328 1313 1296 1281 1270 1264 1245 1221 1200 1183 1179 1183 1178 1168 1173 1168 1159 1164
947 979 996 1016 1026 1049 1077 1077 1096 1128 1139 1166 1192 1212 1244 1259 1272 1285 1309 1327 1339 1356 1394 1434 1454 1459 1476 1480 1466 1455 1456 1461 1467 1474 1479 1478 1485 1480 1487 1498 1516 1519 1503 1491 1480 1470 1478 1487 1505 1533 1523 1515 1517 1519 1490 1466 1452 1467 1464 1458 1446 1432 1414 1385 1367 1350 1347 1345 1339 1316 1311 1302 1285 1266 1238 1213 1201 1200 1190 1181 1179 1182 1191 1202 1201
946 979 1002 1027 1038 1047 1070 1085 1091 1109 1127 1157 1182 1213 1243 1272 1289 1301 1327 1353 1361 1374 1393 1413 1437 1445 1460 1473 1472 1479 1487 1498 1521 1514 1513 1509 1509 1512 1512 1514 1529 1534 1523 1516 1496 1489 1499 1511 1528 1552 1546 1539 1542 1546 1510 1506 1510 1521 1515 1501 1484 1466 1448 1416 1385 1367 1354 1355 1366 1338 1332 1320 1302 1280 1258 1234 1226 1217 1199 1190 1195 1209 1226 1234 1228
944 968 995 1026 1044 1050 1066 1084 1098 1108 1124 1147 1178 1212 1244 1275 1301 1319 1342 1365 1386 1404 1416 1421 1418 1436 1438 1467 1485 1498 1506 1527 1537 1536 1531 1535 1539 1537 1543 1543 1543 1557 1552 1535 1526 1520 1528 1542 1552 1573 1570 1561 1559 1561 1546 1558 1555 1556 1560 1535 1518 1501 1488 1449 1411 1367 1345 1353 1366 1352 1345 1330 1316 1301 1286 1270 1262 1237 1214 1208 1207 1220 1241 1252 1245
940 963 990 1021 1039 1049 1068 1081 1102 1120 1132 1150 1188 1220 1254 1285 1317 1337 1356 1384 1406 1429 1446 1455 1450 1463 1473 1489 1502 1512 1521 1538 1559 1568 1566 1568 1566 1560 1564 1577 1572 1568 1575 1567 1558 1551 1555 1569 1574 1591 1591 1583 1575 1578 1590 1591 1586 1582 1581 1554 1540 1524 1504 1469 1426 1367 1352 1359 1370 1360 1355 1343 1336 1326 1315 1308 1290 1263 1235 1219 1216 1230 1254 1267 1264
939 966 993 1023 1044 1057 1074 1089 1113 1138 1157 1178 1211 1246 1274 1304 1345 1368 1382 1404 1427 1462 1487 1498 1515 1516 1513 1518 1520 1521 1538 1570 1583 1589 1590 1600 1605 1598 1595 1606 1605 1580 1589 1587 1585 1592 1596 1600 1606 1612 1617 1605 1598 1613 1623 1614 1606 1599 1590 1576 1559 1543 1530 1498 1455 1417 1395 1384 1383 1379 1375 1361 1352 1349 1350 1336 1310 1289 1259 1236 1221 1237 1272 1292 1289
946 975 999 1031 1055 1071 1093 1111 1137 1167 1198 1230 1258 1286 1303 1329 1363 1386 1404 1430 1460 1486 1518 1546 1551 1544 1535 1531 1526 1525 1537 1561 1575 1589 1611 1641 1646 1633 1623 1639 1634 1593 1592 1601 1611 1621 1625 1626 1638 1624 1621 1613 1614 1639 1628 1623 1613 1617 1592 1572 1560 1559 1561 1547 1501 1461 1436 1420 1409 1405 1392 1377 1374 1384 1381 1362 1336 1317 1292 1262 1242 1255 1289 1310 1310
956 986 1011 1042 1075 1102 1123 1148 1174 1197 1238 1272 1306 1328 1343 1355 1382 1404 1424 1451 1475 1502 1540 1570 1566 1547 1534 1526 1521 1523 1529 1543 1556 1578 1630 1685 1662 1641 1628 1628 1615 1590 1593 1609 1630 1640 1642 1641 1641 1625 1616 1599 1616 1633 1620 1601 1597 1604 1576 1562 1550 1557 1582 1589 1544 1508 1481 1465 1450 1437 1422 1412 1421 1423 1413 1400 1374 1351 1327 1299 1289 1291 1312 1324 1327
977 994 1020 1051 1094 1122 1146 1178 1206 1238 1269 1303 1335 1360 1371 1381 1404 1424 1445 1460 1474 1500 1536 1565 1550 1527 1518 1517 1512 1516 1519 1525 1530 1556 1616 1669 1655 1624 1605 1595 1581 1569 1586 1615 1629 1639 1633 1648 1638 1613 1599 1575 1621 1620 1590 1551 1557 1563 1551 1543 1532 1541 1563 1579 1561 1545 1532 1524 1498 1472 1462 1464 1460 1464 1453 1437 1413 1384 1355 1333 1321 1327 1341 1344 1344
992 1009 1028 1051 1097 1124 1156 1198 1234 1272 1299 1328 1354 1374 1389 1404 1427 1445 1456 1455 1455 1474 1510 1533 1524 1502 1499 1500 1500 1507 1513 1517 1516 1538 1588 1632 1637 1608 1581 1558 1548 1547 1561 1587 1604 1604 1592 1616 1614 1595 1578 1561 1587 1573 1546 1508 1518 1528 1531 1525 1507 1512 1537 1557 1564 1568 1560 1560 1533 1497 1494 1489 1494 1507 1495 1464 1446 1414 1389 1366 1352 1348 1349 1348 1351
1012 1034 1040 1054 1092 1122 1157 1198 1240 1284 1320 1344 1369 1387 1404 1421 1445 1465 1460 1445 1428 1443 1482 1508 1516 1495 1494 1494 1492 1501 1512 1518 1521 1533 1562 1597 1602 1585 1574 1533 1524 1528 1541 1558 1581 1564 1560 1577 1576 1571 1548 1532 1531 1539 1525 1499 1497 1508 -32768 -32768 -32768 -32768 -32768 1548 1557 1563 1555 1559 1572 1548 1525 1511 1514 1517 1500 1478 1455 1436 1420 1395 1370 1351 1338 1338 1350
1023 1041 1046 1051 1080 1120 1157 1196 1236 1287 1326 1352 1369 1385 1407 1430 1447 1462 1459 1446 1425 1438 1466 1496 1511 1508 1510 1510 1504 1507 1522 1532 1541 1543 1562 1589 1589 1576 1546 1525 1497 1518 1533 1539 1545 -32768 1542 -32768 -32768 -32768 -32768 -32768 -32768 -32768 -32768 -32768 -32768 -32768 -32768 -32768 -32768 -32768 -32768 -32768 -32768 1528 1492 1529 1590 1575 1536 1519 1514 1509 1499 1480 1460 1451 1439 1413 1376 1326 1293 1305 1333
1029 1044 1043 1040 1062 1110 1156 1188 1231 1288 1319 1333 1346 1363 1386 1409 1430 1449 1454 1456 1442 1446 1466 1488 1504 1517 1531 1533 1526 1530 1548 1561 1572 1583 1602 1618 1608 1589 1565 1553 1541 1555 1542 1536 1531 -32768 1525 1526 -32768 -32768 -32768 -32768 -32768 -32768 -32768 -32768 -32768 -32768 -32768 -32768 -32768 -32768 -32768 -32768 -32768 -32768 1469 1507 1534 1534 1515 1504 1504 1498 -32768 -32768 -32768 1448 1434 1409 1339 1227 1186 1245 1313
1032 1048 1042 1043 1062 1101 1132 1147 1208 1263 1277 1295 1301 1323 1348 1378 1400 1427 1444 1453 1450 1454 1467 1483 1501 1520 1538 1543 1546 1551 1575 1589 1607 1621 1636 1645 1628 1613 1589 1573 1573 1566 1545 1530 1523 -32768 1509 -32768 -32768 -32768 -32768 -32768 -32768 -32768 -32768 -32768 -32768 -32768 -32768 -32768 -32768 -32768 -32768 -32768 -32768 -32768 -32768 1463 1481 1479 1483 1485 1486 -32768 -32768 -32768 -32768 -32768 1412 1388 1285 1015 1027 1185 1304
