kuenm_practice/Projection_variables/current/bio_1.asc
NCOLS 360 
NROWS 210 
XLLCORNER -125 
YLLCORNER 20 
CELLSIZE 0.166666666666667 
NODATA_value -32768 
[rows 39 to 77 of 210, columns 0 to 88 of 360]
-32768 89 91 96 83 77 78 83 87 96 99 99 98 98 98 102 98 74 62 60 82 51 34 23 32 28 11 28 55 58 35 56 87 77 53 44 52 61 44 51 76 64 72 68 54 56 64 54 63 44 50 66 43 33 59 38 61 50 50 36 33 29 41 51 48 49 36 36 23 14 30 38 43 48 49 53 55 58 61 63 64 64 64 62 61 59 60 60 61
-32768 93 88 89 91 95 97 91 92 -32768 -32768 99 -32768 98 98 101 99 94 81 65 76 58 40 26 14 19 43 5 35 65 55 83 80 79 72 66 72 67 57 59 77 69 64 77 59 63 73 65 66 60 66 69 52 36 48 28 46 46 48 42 42 30 36 55 60 42 37 32 31 25 19 22 34 45 50 53 55 57 60 62 62 64 66 66 65 65 64 64 64
-32768 94 94 90 87 81 76 73 78 77 88 92 94 99 100 101 101 100 89 66 54 49 35 12 17 15 21 39 35 57 79 88 87 86 87 87 81 71 70 74 82 64 71 78 73 75 74 70 64 67 64 63 52 59 54 46 30 47 45 43 41 43 42 44 59 64 38 40 32 26 26 21 19 31 46 51 54 58 61 64 65 66 65 65 65 65 66 66 68
-32768 95 95 93 86 72 65 49 51 43 43 58 87 98 103 102 101 103 98 89 60 47 38 32 43 45 27 33 60 70 83 76 85 84 84 88 84 84 79 78 80 77 81 81 80 83 78 60 68 73 61 53 52 50 44 61 48 41 40 44 32 43 50 45 59 68 43 35 33 36 24 17 17 21 47 54 59 62 63 64 66 67 68 68 70 69 70 69 68
-32768 -32768 96 93 90 83 71 50 44 42 37 55 86 102 104 105 106 103 99 77 64 56 53 32 27 59 55 59 78 77 73 77 84 85 88 85 84 81 76 77 77 79 80 81 85 86 83 80 80 78 60 55 55 55 55 44 59 50 26 48 38 45 65 59 67 71 37 43 19 31 18 12 30 13 47 55 58 62 61 63 64 65 67 70 72 72 70 68 68
-32768 -32768 -32768 95 93 88 76 70 64 56 51 78 101 102 106 108 110 103 99 84 59 45 31 24 22 40 76 60 77 64 79 83 83 91 96 93 90 84 80 78 76 76 78 81 82 84 80 73 72 77 70 72 71 62 58 37 44 58 49 44 54 46 70 68 73 67 22 54 16 24 31 12 27 30 52 56 57 62 64 66 69 69 69 73 71 67 64 68 70
-32768 -32768 -32768 97 95 94 90 78 74 74 91 102 104 105 105 106 107 101 89 78 58 45 39 38 26 31 58 76 91 80 86 88 92 101 99 97 93 89 85 82 80 81 82 83 83 81 80 78 76 79 72 51 56 47 49 44 39 44 43 43 60 54 66 65 75 71 18 41 35 15 25 23 17 24 46 55 59 63 66 70 72 70 70 69 69 61 48 60 66
-32768 -32768 -32768 -32768 96 96 94 90 92 95 102 106 105 106 105 104 104 101 88 70 59 53 53 60 64 57 34 34 50 96 96 96 101 105 102 98 93 90 88 86 86 86 86 85 84 82 80 76 73 66 71 66 63 59 55 49 44 35 39 52 54 37 40 42 60 61 34 25 42 27 18 19 19 16 24 42 59 64 58 69 71 69 61 58 60 59 61 65 65
-32768 -32768 -32768 -32768 98 99 97 97 98 102 100 101 104 104 102 101 100 93 69 57 55 38 42 37 45 67 75 70 58 92 101 103 104 105 104 101 98 94 92 90 91 91 91 90 86 82 79 77 70 65 62 64 56 42 34 40 37 38 28 26 39 59 44 54 46 48 19 27 39 44 45 38 31 20 31 36 47 66 68 49 53 56 53 38 42 43 35 50 60
-32768 -32768 -32768 -32768 99 99 97 98 99 99 97 98 102 101 101 100 94 75 52 9 31 30 37 50 46 61 72 82 75 89 106 104 106 105 106 101 99 98 96 95 96 96 97 95 91 86 82 79 75 71 63 64 56 48 62 55 42 43 30 35 23 47 40 42 53 65 47 39 50 46 32 44 43 37 36 35 45 59 60 38 37 44 51 38 24 23 17 30 50
-32768 -32768 -32768 -32768 -32768 96 96 95 96 92 98 103 104 99 86 82 81 73 56 37 54 36 29 44 59 70 82 83 76 87 111 106 108 109 106 104 103 103 102 101 103 101 100 100 99 92 84 81 73 75 76 67 66 62 68 50 52 45 39 43 32 23 38 38 35 59 40 45 41 37 35 36 29 36 29 35 50 62 69 55 37 38 50 50 37 28 21 29 29
-32768 -32768 -32768 -32768 -32768 99 96 90 94 90 95 101 103 102 97 86 82 74 71 70 56 35 38 40 59 80 93 94 83 77 96 113 116 116 111 110 108 106 107 106 109 108 106 107 100 94 89 81 79 90 90 74 82 69 61 50 46 51 31 34 30 35 33 19 12 65 48 27 28 29 43 42 43 39 43 39 44 57 66 65 66 38 34 51 47 38 41 44 46
-32768 -32768 -32768 -32768 -32768 100 97 92 90 83 83 96 104 105 95 84 77 69 72 60 48 35 37 39 73 96 104 109 106 99 94 90 101 117 116 114 112 110 109 105 100 101 98 90 81 83 100 104 105 103 82 81 83 76 64 54 36 41 41 35 33 19 29 14 36 68 33 21 24 27 31 10 25 47 32 22 19 47 40 29 67 63 30 34 46 29 40 49 55
-32768 -32768 -32768 -32768 -32768 101 98 100 99 99 92 95 104 98 87 74 56 60 58 56 36 28 55 53 66 75 90 101 108 113 111 106 105 112 117 119 117 112 111 111 109 99 82 60 47 58 81 91 92 67 60 66 73 86 73 59 55 52 25 22 41 32 21 11 39 64 22 10 26 31 20 7 34 47 23 24 29 46 28 39 63 66 42 37 42 45 32 25 30
-32768 -32768 -32768 -32768 -32768 -32768 104 98 88 90 97 99 106 97 90 79 80 80 71 52 59 52 76 72 55 58 78 76 87 94 102 109 108 103 103 107 116 115 116 116 111 80 48 42 46 52 71 82 84 54 63 59 76 83 92 65 58 47 45 45 49 39 23 12 45 43 22 7 17 11 0 8 38 43 32 21 20 37 56 55 66 65 47 43 32 45 49 13 11
-32768 -32768 -32768 -32768 -32768 -32768 96 90 91 90 95 92 104 108 101 99 84 69 76 61 73 82 78 84 76 71 78 82 88 102 115 120 120 118 117 114 106 102 105 110 94 60 40 53 67 72 58 62 71 86 63 77 75 69 64 34 36 34 39 19 36 44 22 5 26 45 34 21 4 3 19 26 10 31 36 30 49 54 58 59 68 66 58 45 27 45 56 40 33
-32768 -32768 -32768 -32768 -32768 -32768 95 93 83 81 95 92 104 113 109 99 83 79 92 88 94 93 92 87 90 96 103 107 111 118 121 120 118 116 116 113 108 105 104 93 72 49 60 60 54 50 50 52 44 87 84 63 84 39 45 31 32 35 25 19 17 34 20 22 30 14 19 6 19 26 12 12 20 33 22 18 57 44 51 64 66 64 63 60 34 31 59 64 66
-32768 -32768 -32768 -32768 -32768 -32768 94 86 83 78 95 109 109 112 115 114 106 88 79 67 87 82 100 108 105 99 102 113 114 115 115 112 110 106 103 97 104 108 86 74 61 59 75 63 59 57 48 47 59 56 55 63 69 33 10 11 11 19 33 28 15 14 9 12 22 13 27 13 23 22 1 6 -3 39 38 49 51 -2 17 55 54 50 51 44 29 36 56 26 42
-32768 -32768 -32768 -32768 -32768 -32768 96 92 86 82 101 106 110 113 116 112 103 88 70 46 53 64 84 89 92 90 97 103 102 102 103 102 95 85 81 83 86 78 69 59 67 71 81 43 30 31 51 46 49 45 54 50 57 50 33 37 48 33 14 21 39 28 18 16 33 36 41 0 16 20 7 6 2 44 57 60 53 41 17 56 28 7 14 5 0 44 36 -12 0
-32768 -32768 -32768 -32768 -32768 -32768 98 90 87 88 106 110 111 114 114 106 96 71 66 55 52 72 92 97 95 90 96 92 86 89 89 85 80 68 56 58 57 47 51 63 60 64 83 50 19 2 5 23 37 51 15 39 25 14 10 13 25 14 6 14 7 14 24 33 22 6 47 25 1 14 8 30 30 50 59 47 23 44 21 53 23 -4 11 -8 33 22 1 -9 -11
-32768 -32768 -32768 -32768 -32768 101 98 92 99 105 110 111 113 114 107 90 67 74 62 58 64 78 87 95 89 85 91 95 85 74 69 64 62 56 51 55 62 48 35 45 29 48 72 60 38 15 6 18 43 60 25 38 36 16 5 27 23 -1 4 16 22 30 -3 7 22 10 45 49 18 8 21 38 39 42 42 29 35 37 11 29 24 -12 4 -1 3 23 -4 -5 -13
-32768 -32768 -32768 -32768 -32768 104 98 85 82 99 110 110 112 105 90 78 68 65 61 50 70 82 83 97 84 84 83 98 76 69 72 75 69 81 80 69 58 43 36 28 8 38 74 71 73 58 52 70 77 52 47 51 47 39 10 35 15 9 -1 7 5 33 14 14 1 18 28 24 38 10 26 26 32 24 15 26 21 4 1 -8 19 -14 -11 -3 -14 3 5 10 5
-32768 -32768 -32768 -32768 -32768 102 104 100 95 103 110 112 112 107 97 88 71 71 58 37 62 81 98 97 92 81 79 95 95 86 76 77 83 81 64 66 59 42 21 36 38 36 59 65 68 62 72 79 62 26 54 69 26 45 28 18 9 0 6 21 24 16 6 5 17 46 13 8 30 25 13 7 10 34 32 19 10 9 8 6 14 0 11 17 0 -3 -11 -8 -13
-32768 -32768 -32768 -32768 -32768 106 105 104 99 102 110 114 113 108 82 78 70 62 54 44 66 82 89 86 73 60 56 65 82 65 62 66 75 58 55 48 45 44 44 42 52 49 51 52 59 72 53 63 40 75 82 76 34 42 30 19 8 3 9 4 2 5 0 2 43 39 54 19 -10 18 32 -1 16 17 19 27 27 18 12 11 5 10 11 3 -1 0 -10 -7 -8
-32768 -32768 -32768 -32768 -32768 107 101 98 98 103 113 114 108 106 95 86 68 59 49 57 65 78 85 79 73 67 57 49 45 45 44 53 77 68 74 78 68 63 50 26 48 58 60 69 57 70 83 69 72 80 77 71 44 30 36 25 14 10 3 4 -6 -3 -4 -3 35 36 11 44 12 -2 10 15 -4 8 18 15 25 24 27 24 23 27 19 -6 -11 -8 -7 -3 -5
-32768 -32768 -32768 -32768 -32768 100 101 103 96 103 114 114 97 99 83 76 75 72 50 39 66 78 82 83 78 71 66 54 50 61 63 59 64 60 44 46 45 26 25 27 36 47 66 63 79 84 93 95 95 87 74 63 62 41 51 20 22 8 9 4 10 3 9 14 30 18 5 8 14 29 12 11 17 16 38 51 54 47 38 33 29 31 26 11 0 -12 -7 -5 -9
-32768 -32768 -32768 -32768 -32768 106 107 105 103 109 114 114 108 96 90 87 78 64 50 23 36 69 78 81 78 73 61 61 63 71 68 62 52 55 43 41 45 38 39 40 54 56 74 76 72 96 97 95 101 93 89 68 69 51 65 38 38 25 12 -1 3 -5 -18 6 13 5 34 -3 -12 18 37 3 32 38 56 59 59 55 48 49 49 45 40 29 11 3 -6 -11 -13
-32768 -32768 -32768 -32768 -32768 111 106 102 107 105 108 108 104 104 90 79 65 59 44 43 48 64 60 69 66 65 64 59 64 67 62 54 42 44 48 43 46 45 65 58 71 65 64 87 97 100 98 99 101 100 98 90 82 52 56 35 35 28 15 -4 -6 -1 -13 -14 -6 7 7 12 25 24 25 48 32 56 58 58 59 58 58 57 52 44 38 27 -4 -4 10 3 1
-32768 -32768 -32768 -32768 112 111 108 107 108 107 108 103 98 87 83 90 70 46 44 58 64 63 34 50 57 62 63 66 60 71 64 56 56 52 56 53 45 48 62 78 74 84 75 86 84 88 91 102 102 102 101 98 83 52 64 45 51 33 20 7 3 -3 2 18 5 -14 -6 3 25 42 30 40 61 58 57 58 60 61 61 56 44 25 34 37 -10 0 11 -1 -9
-32768 -32768 -32768 -32768 111 109 102 108 115 108 111 96 87 81 70 79 59 40 49 54 66 63 51 58 59 62 64 63 69 69 68 68 69 64 60 66 69 69 65 58 79 76 66 71 71 86 81 98 106 105 106 104 103 84 74 72 40 20 41 22 19 16 12 29 31 29 18 17 33 54 53 57 59 56 54 56 61 64 63 58 47 35 28 23 -6 25 2 -5 -3
-32768 -32768 -32768 110 111 109 104 102 110 115 115 100 87 85 80 65 57 40 52 59 56 55 62 71 73 72 76 74 71 70 64 71 74 76 71 72 74 74 71 67 80 67 62 72 72 89 85 77 82 101 107 104 104 97 87 70 62 52 48 36 37 41 43 47 53 44 49 49 50 56 56 58 58 59 61 63 67 68 58 53 40 44 38 8 17 21 -11 -16 -17
-32768 -32768 -32768 108 111 110 102 97 100 120 116 107 92 79 77 74 57 42 42 52 49 49 53 73 77 80 79 80 74 74 68 72 74 77 77 78 77 76 75 74 70 64 78 74 80 84 66 73 61 77 105 108 102 101 101 95 75 50 47 49 50 53 53 61 63 61 64 65 63 62 62 59 62 67 70 73 73 64 45 44 41 31 27 34 9 18 6 10 -4
-32768 -32768 -32768 110 110 113 108 96 109 115 112 103 84 89 81 56 45 38 56 60 58 57 59 70 73 73 70 73 76 78 73 73 68 69 68 72 74 78 72 62 69 78 80 87 80 75 74 73 56 48 84 107 113 107 105 103 100 93 84 79 79 77 78 75 73 72 70 71 73 69 66 63 69 73 75 74 66 54 52 43 41 39 25 37 17 11 -6 7 8
-32768 -32768 112 105 102 108 94 95 99 103 107 103 100 85 70 70 45 34 55 65 63 51 44 61 47 83 77 71 75 81 67 69 70 67 70 69 72 70 57 55 74 68 84 89 87 79 77 75 68 50 58 89 101 109 111 109 106 104 104 102 100 97 93 88 83 79 77 77 77 73 68 69 73 76 76 69 55 42 51 45 45 35 27 32 22 8 -7 4 10
-32768 -32768 113 106 98 91 91 89 96 99 91 87 86 93 89 83 49 57 61 64 59 59 57 62 48 68 80 75 82 75 76 78 79 75 78 78 70 54 30 77 77 78 86 91 89 79 75 69 52 52 57 54 72 92 102 101 95 97 99 97 101 101 97 90 87 82 79 81 81 80 77 77 76 67 66 54 63 42 57 50 46 38 24 27 24 -1 -9 3 10
-32768 -32768 -32768 107 100 100 85 84 102 109 96 101 106 107 89 81 46 62 72 66 62 60 61 60 45 39 62 80 81 64 80 77 68 74 80 82 67 54 53 88 83 88 90 87 85 76 74 73 63 57 57 52 54 66 75 85 85 84 85 89 93 94 95 94 89 87 85 86 84 81 82 73 71 53 64 53 64 57 45 56 42 35 21 22 15 -4 -9 5 14
-32768 -32768 -32768 110 92 90 95 87 97 116 105 109 118 111 96 73 50 61 74 58 65 66 64 66 60 52 57 62 63 64 82 57 64 71 70 77 79 60 89 86 88 83 79 77 72 71 73 70 58 64 65 58 56 53 64 72 77 75 74 78 83 84 83 83 81 83 86 83 71 74 80 60 58 53 58 55 55 62 42 61 27 45 25 25 19 3 -1 -1 15
-32768 -32768 -32768 106 98 100 87 91 106 88 107 99 99 99 77 62 58 60 74 75 74 73 63 63 60 60 59 74 57 62 72 77 66 68 67 72 70 70 91 79 77 56 69 70 60 63 67 67 71 69 70 63 61 58 57 67 69 67 66 65 69 74 76 59 49 52 80 58 50 73 77 63 57 62 61 58 60 52 67 60 24 48 43 34 21 6 3 11 23
-32768 -32768 -32768 112 109 105 88 95 101 73 75 93 71 61 82 75 77 73 73 81 76 76 74 69 63 62 69 79 57 62 82 76 70 64 60 60 70 65 83 71 45 58 61 79 60 56 61 66 70 70 70 66 62 51 48 58 58 60 61 54 44 67 60 61 44 58 63 50 68 72 74 54 74 71 64 62 68 58 77 62 18 40 40 29 30 15 14 20 28
