kuenm_practice/Projection_variables/cc_rcp45/bio_5.asc
NCOLS 360 
NROWS 210 
XLLCORNER -125 
YLLCORNER 20 
CELLSIZE 0.166666666666667 
NODATA_value -32768 
[rows 78 to 116 of 210, columns 0 to 87 of 360]
-32768 -32768 -32768 -32768 226 250 277 294 272 308 306 311 302 325 336 348 305 314 318 324 327 332 323 325 319 312 314 329 302 316 312 316 316 307 314 323 343 352 351 313 330 322 338 355 336 318 323 337 340 340 339 333 333 320 306 313 313 298 297 299 311 328 329 312 319 327 309 309 309 289 315 348 357 350 340 335 338 335 352 307 274 295 300 300 303 288 292 297
-32768 -32768 -32768 -32768 217 243 273 270 284 336 313 320 323 320 355 353 292 299 312 315 317 330 328 325 320 321 322 328 307 333 311 316 312 315 311 321 337 331 340 335 354 332 352 355 313 317 322 333 340 343 341 339 336 302 315 310 303 281 292 321 316 323 317 323 322 315 325 306 327 338 345 360 361 358 346 348 346 342 352 306 293 286 294 304 298 298 303 309
-32768 -32768 -32768 -32768 -32768 238 266 270 307 302 274 284 346 327 336 358 312 284 298 289 275 315 329 321 320 324 329 328 307 339 313 321 315 316 315 317 324 327 351 366 360 354 365 341 324 334 333 340 342 341 339 338 330 313 300 313 312 311 320 305 322 325 320 335 324 324 341 322 344 346 353 360 364 363 348 361 359 347 331 309 299 273 296 300 289 297 309 316
-32768 -32768 -32768 -32768 -32768 236 264 283 309 327 286 284 312 319 287 320 257 276 298 308 318 324 326 321 324 333 339 329 291 341 316 320 316 327 331 328 328 371 371 345 367 367 368 337 350 355 355 347 333 334 327 318 320 320 309 319 324 311 326 315 314 328 336 330 335 344 353 352 359 361 351 355 364 364 361 355 362 356 305 291 284 270 294 304 291 297 308 315
-32768 -32768 -32768 -32768 -32768 235 266 293 322 306 332 305 269 285 280 287 322 332 317 315 331 329 326 328 324 304 327 328 292 325 312 316 321 326 341 343 362 373 354 337 370 363 361 349 365 351 347 348 321 336 341 327 324 319 323 330 328 326 335 332 320 317 328 320 344 341 353 362 363 361 364 364 364 365 365 356 363 361 326 324 294 287 293 298 296 294 298 306
-32768 -32768 -32768 -32768 -32768 231 265 295 305 287 299 301 265 312 309 323 341 334 338 316 340 349 331 330 321 313 310 314 298 307 337 326 320 322 327 370 367 374 351 365 371 366 366 361 368 352 359 364 351 347 343 339 317 331 327 321 337 337 339 318 322 324 314 329 334 331 362 363 365 362 366 364 360 366 365 364 362 361 333 324 309 304 300 293 291 281 271 275
-32768 -32768 -32768 -32768 203 224 264 287 322 321 299 299 285 344 332 373 365 363 346 323 342 337 329 319 310 310 321 316 324 313 321 335 326 340 364 373 373 372 359 366 368 364 368 363 337 360 369 368 359 355 351 356 345 338 334 339 343 345 319 296 329 332 318 334 342 355 361 356 365 366 366 356 361 361 364 363 359 364 356 299 312 314 301 274 262 247 238 233
-32768 -32768 -32768 -32768 203 226 267 275 311 320 333 346 347 351 355 384 389 384 345 301 294 320 300 299 301 314 309 321 318 325 329 331 345 345 369 362 362 359 348 360 361 368 350 366 334 356 356 364 361 349 364 361 346 357 348 347 343 320 302 320 335 334 330 338 330 356 363 365 366 366 367 364 353 364 361 362 356 357 360 320 298 310 286 250 234 219 211 205
-32768 -32768 -32768 198 208 237 270 291 290 325 327 334 349 331 369 398 401 395 363 313 288 289 287 295 300 318 322 335 342 337 346 365 363 369 352 350 346 342 352 361 358 357 343 359 356 343 352 346 371 358 357 363 352 341 343 347 327 274 326 325 322 312 324 339 325 362 365 365 366 367 368 363 348 362 329 359 331 336 358 290 261 315 296 264 244 232 238 249
-32768 -32768 -32768 202 221 246 277 299 297 309 317 321 339 376 393 398 400 394 371 328 278 282 287 299 308 318 341 348 350 330 345 369 340 363 346 360 359 358 347 361 347 362 371 343 349 358 368 370 337 337 364 361 346 348 327 347 319 311 333 329 326 330 333 340 327 356 365 366 367 368 369 362 352 359 307 346 297 328 349 331 300 320 269 253 268 283 282 301
-32768 -32768 -32768 208 225 252 282 311 314 313 314 305 317 379 391 395 397 390 372 337 304 295 318 319 312 306 314 349 360 356 355 362 362 350 358 348 373 351 357 369 355 357 377 357 360 353 350 362 336 356 357 335 350 346 334 346 308 332 320 317 308 335 326 334 335 346 353 364 367 369 371 371 364 360 335 347 339 340 344 359 306 298 272 270 291 305 314 324
-32768 -32768 -32768 -32768 235 255 285 309 328 328 324 285 281 327 385 392 394 391 376 351 321 284 320 323 335 322 313 310 324 350 347 339 372 354 351 348 370 354 373 368 372 374 359 381 378 355 362 350 353 342 341 344 350 333 342 339 315 331 319 326 305 330 334 324 338 349 342 356 367 370 368 373 372 357 337 344 340 343 359 359 332 312 283 268 271 296 304 316
-32768 -32768 -32768 -32768 -32768 263 281 299 305 333 331 313 294 311 380 386 386 385 381 360 340 316 309 312 330 310 295 309 305 326 335 329 360 369 358 360 365 372 374 377 376 349 385 391 370 365 353 355 346 348 342 325 323 338 341 326 320 324 322 325 318 337 316 313 347 346 310 357 367 370 371 362 369 349 340 322 335 335 361 309 303 298 288 277 269 273 276 288
-32768 -32768 -32768 -32768 -32768 -32768 276 285 302 322 349 338 300 326 372 380 379 379 377 374 363 346 322 310 298 293 311 322 329 323 322 342 342 339 358 365 370 375 376 378 363 385 386 347 354 350 340 343 313 346 325 329 327 340 340 331 319 333 320 321 309 335 317 339 329 316 314 366 364 359 369 354 357 368 366 359 357 342 356 307 298 293 262 270 292 292 288 286
-32768 -32768 -32768 -32768 -32768 -32768 -32768 262 290 314 323 326 292 306 368 374 372 374 376 379 378 364 341 323 314 304 283 296 298 299 326 350 345 349 369 376 377 373 375 372 344 383 323 352 349 329 345 336 325 317 333 341 339 332 327 330 329 332 315 329 321 328 313 350 332 340 369 359 363 368 365 355 367 373 374 373 359 364 359 301 330 308 251 272 324 339 337 306
-32768 -32768 -32768 -32768 -32768 -32768 -32768 238 273 304 327 327 342 299 364 369 370 373 376 381 384 373 349 344 326 312 279 265 285 305 285 346 339 352 367 377 376 372 374 357 362 357 343 320 327 336 349 316 342 337 324 315 334 307 317 334 330 313 322 307 320 324 295 356 308 351 373 359 375 369 345 363 371 376 375 374 338 362 353 303 340 267 253 282 330 345 349 350
-32768 -32768 -32768 -32768 -32768 -32768 -32768 232 259 294 327 343 337 322 349 368 373 374 377 380 383 380 366 346 334 324 298 282 274 286 282 338 353 352 368 368 366 370 369 369 370 355 350 318 332 323 324 313 350 323 316 307 320 323 336 325 314 297 326 313 318 308 295 354 293 334 373 353 368 353 357 370 376 375 375 371 331 337 348 335 297 249 281 321 345 335 333 364
-32768 -32768 -32768 -32768 -32768 -32768 -32768 230 250 281 312 327 360 350 359 362 373 377 379 382 382 380 372 357 350 337 314 292 268 291 288 345 326 327 363 368 366 366 369 349 355 350 348 332 307 316 299 353 325 299 318 291 295 324 314 333 331 298 315 331 301 322 327 338 332 367 369 360 347 358 368 377 370 375 373 371 346 311 344 344 273 255 292 338 348 344 345 367
-32768 -32768 -32768 -32768 -32768 -32768 -32768 216 237 266 295 328 334 340 357 356 367 379 382 381 379 378 375 365 360 349 327 305 263 267 274 345 322 333 357 363 342 373 366 371 381 370 364 325 316 294 309 356 305 314 294 309 300 316 319 337 344 291 324 342 311 312 328 344 283 358 356 362 347 361 374 372 355 371 370 364 306 303 349 322 294 286 324 338 333 330 337 377
-32768 -32768 -32768 -32768 -32768 -32768 -32768 -32768 229 245 275 308 331 324 346 357 363 378 381 378 374 373 373 370 366 363 346 314 287 254 250 312 303 332 344 347 334 364 352 346 354 368 353 336 311 286 298 339 270 312 275 315 310 320 327 329 361 338 333 347 312 308 339 349 316 357 353 347 350 367 376 367 363 359 356 332 299 340 320 283 259 299 340 348 329 328 352 383
-32768 -32768 -32768 -32768 -32768 -32768 -32768 -32768 -32768 235 253 281 307 321 330 344 354 364 377 370 366 366 368 371 371 367 351 314 280 257 248 261 293 308 295 295 326 321 374 353 354 334 341 338 342 326 338 318 306 306 310 316 329 338 328 358 366 320 339 352 318 323 344 338 349 351 332 363 344 370 346 361 362 342 324 308 326 295 282 262 264 298 345 346 360 368 370 371
-32768 -32768 -32768 -32768 -32768 -32768 -32768 -32768 -32768 -32768 249 261 284 295 314 328 335 348 362 358 359 360 363 370 375 371 359 336 305 273 266 247 235 264 258 300 314 287 340 332 339 360 322 348 356 365 345 330 317 300 332 316 352 338 348 367 351 313 351 357 332 332 343 333 329 345 326 353 334 363 342 357 350 318 313 255 313 282 301 286 293 283 342 367 378 387 380 365
-32768 -32768 -32768 -32768 -32768 -32768 -32768 -32768 -32768 -32768 -32768 252 263 281 298 309 309 322 334 346 353 355 358 367 377 379 369 349 324 310 266 237 228 237 286 260 275 283 311 326 333 367 348 351 359 372 336 343 323 328 343 328 358 346 360 353 311 337 354 352 339 344 339 322 325 326 320 334 322 343 354 363 343 341 322 262 322 303 291 276 281 294 331 369 371 373 379 370
-32768 -32768 -32768 -32768 -32768 -32768 -32768 -32768 -32768 -32768 -32768 230 246 260 274 283 282 297 320 341 351 354 356 367 376 377 379 370 344 315 283 256 228 217 235 285 302 287 304 325 331 359 374 348 367 359 347 354 344 340 344 325 339 356 348 302 334 355 356 344 356 359 339 343 332 324 327 324 336 350 357 340 328 323 314 301 297 288 291 253 238 240 308 352 335 307 373 379
-32768 -32768 -32768 -32768 -32768 -32768 -32768 -32768 -32768 -32768 -32768 229 231 246 250 252 261 283 318 340 353 359 365 370 376 381 384 381 366 345 332 293 254 229 206 279 278 286 306 300 299 357 361 364 359 356 360 360 358 356 334 311 332 345 342 348 340 346 358 344 358 368 332 351 348 323 331 344 347 352 353 348 341 329 294 321 276 288 267 270 299 318 335 340 350 319 369 387
-32768 -32768 -32768 -32768 -32768 -32768 -32768 -32768 -32768 -32768 -32768 -32768 -32768 -32768 226 230 252 279 312 339 354 362 368 372 376 382 385 386 373 357 338 298 268 227 195 238 265 267 289 311 249 364 318 326 386 348 346 352 348 349 351 333 330 346 349 365 340 337 359 366 354 367 350 366 342 337 344 344 343 336 345 346 298 268 283 309 289 297 274 311 336 348 355 346 369 377 371 392
-32768 -32768 -32768 -32768 -32768 -32768 -32768 -32768 -32768 -32768 -32768 -32768 -32768 -32768 218 230 249 270 305 332 346 361 368 373 377 381 384 387 385 373 360 325 266 228 248 242 230 265 302 363 229 308 345 340 347 342 355 362 364 343 352 353 344 336 353 348 343 337 373 363 363 346 357 356 342 339 333 337 332 322 333 302 276 257 291 294 285 323 316 305 324 351 363 366 364 397 393 375
-32768 -32768 -32768 -32768 -32768 -32768 -32768 -32768 -32768 -32768 -32768 -32768 -32768 -32768 -32768 232 257 269 293 326 338 351 367 374 379 381 383 386 390 385 379 359 309 285 300 250 216 195 330 380 294 281 357 333 310 355 364 368 357 353 357 351 345 331 360 333 364 359 369 363 366 340 360 348 340 355 345 346 325 296 347 305 312 299 304 297 301 331 335 338 337 337 347 377 381 392 387 365
-32768 -32768 -32768 -32768 -32768 -32768 -32768 -32768 -32768 -32768 -32768 -32768 -32768 -32768 -32768 230 253 279 299 318 333 349 363 372 377 380 382 386 390 393 392 380 363 326 281 233 222 189 230 308 353 316 370 377 383 351 349 390 378 354 348 331 322 350 370 369 359 374 363 386 362 362 379 385 371 387 377 379 359 367 380 364 342 338 335 333 328 341 356 355 359 365 369 344 389 388 383 389
-32768 -32768 -32768 -32768 -32768 -32768 -32768 -32768 -32768 -32768 -32768 -32768 -32768 -32768 -32768 230 246 266 285 305 323 342 355 363 372 378 382 386 390 394 397 394 387 360 304 249 235 195 196 234 373 281 337 393 386 399 372 364 389 385 368 348 354 378 367 361 351 377 386 381 389 391 402 392 401 407 384 385 414 405 375 367 346 340 350 353 347 347 370 373 383 390 393 380 365 368 362 374
-32768 -32768 -32768 -32768 -32768 -32768 -32768 -32768 -32768 -32768 -32768 -32768 -32768 -32768 -32768 -32768 240 248 258 264 297 315 346 361 371 376 381 386 390 393 397 399 396 383 372 335 282 252 223 202 365 298 373 386 348 390 411 345 381 393 382 371 359 381 385 363 377 382 384 372 411 402 405 376 415 426 421 384 390 390 374 368 364 359 376 366 344 333 341 346 386 386 383 374 361 346 345 350
-32768 -32768 -32768 -32768 -32768 -32768 -32768 -32768 -32768 -32768 -32768 -32768 -32768 -32768 -32768 -32768 -32768 -32768 -32768 249 275 315 338 357 366 376 380 385 389 392 395 395 396 392 381 355 291 267 248 189 324 367 350 436 388 361 464 438 402 414 413 407 392 387 388 379 389 384 348 352 412 424 432 427 434 426 381 354 354 372 367 368 365 376 369 344 304 325 339 362 365 353 359 359 356 343 326 335
-32768 -32768 -32768 -32768 -32768 -32768 -32768 -32768 -32768 -32768 -32768 -32768 -32768 -32768 -32768 -32768 -32768 -32768 224 242 263 298 339 353 363 375 381 384 388 391 393 394 393 393 390 379 352 285 215 193 221 368 337 351 367 371 449 451 472 415 422 423 413 398 379 391 399 390 319 342 407 428 433 442 428 367 389 377 353 361 353 356 361 368 367 318 280 304 364 362 336 340 344 344 338 342 335 329
-32768 -32768 -32768 -32768 -32768 -32768 -32768 -32768 -32768 -32768 -32768 -32768 -32768 -32768 -32768 -32768 -32768 -32768 233 253 279 287 318 352 354 356 363 386 388 391 394 393 392 391 391 393 386 312 218 228 217 302 393 346 372 418 370 384 477 432 402 428 421 398 337 325 349 398 385 376 418 420 418 442 427 415 419 365 342 353 336 342 350 359 382 334 276 282 350 343 336 350 347 343 350 343 339 337
-32768 -32768 -32768 -32768 -32768 -32768 -32768 -32768 -32768 -32768 -32768 -32768 -32768 -32768 -32768 -32768 -32768 -32768 226 248 269 290 304 325 353 352 360 382 394 396 397 395 393 392 391 394 384 333 263 271 244 291 365 324 365 412 404 333 460 432 401 427 412 412 385 309 304 371 419 425 423 414 425 440 401 413 425 358 339 357 369 366 378 378 357 363 337 283 336 347 352 359 358 358 358 350 343 336
-32768 -32768 -32768 -32768 -32768 -32768 -32768 -32768 -32768 -32768 -32768 -32768 -32768 -32768 -32768 -32768 -32768 -32768 -32768 242 260 277 300 314 336 358 364 385 399 403 401 398 397 395 395 397 400 367 292 292 261 286 372 354 340 379 441 328 441 449 383 408 421 407 410 387 349 384 417 427 426 438 421 442 428 429 396 361 346 362 384 342 343 343 353 332 352 305 351 348 366 377 371 362 360 351 346 346
-32768 -32768 -32768 -32768 -32768 -32768 -32768 -32768 -32768 -32768 -32768 -32768 -32768 -32768 -32768 -32768 -32768 -32768 -32768 -32768 -32768 267 283 303 325 351 364 369 379 400 400 398 396 396 396 400 402 370 304 296 282 292 369 407 377 380 433 380 424 459 437 418 438 412 409 406 373 371 402 403 421 427 419 418 408 392 356 378 375 366 368 321 334 340 344 341 326 308 302 318 353 386 377 354 350 353 350 349
-32768 -32768 -32768 -32768 -32768 -32768 -32768 -32768 -32768 -32768 -32768 -32768 -32768 -32768 -32768 -32768 -32768 -32768 -32768 -32768 -32768 260 265 289 311 339 365 373 380 391 394 394 394 394 397 401 403 368 311 349 335 337 376 421 419 419 421 421 423 424 453 451 446 426 377 398 408 392 400 408 407 426 417 404 380 394 363 361 380 389 361 329 331 340 344 343 335 325 315 320 356 380 386 369 361 357 358 356
-32768 -32768 -32768 -32768 -32768 -32768 -32768 -32768 -32768 -32768 -32768 -32768 -32768 -32768 -32768 -32768 -32768 -32768 -32768 -32768 -32768 -32768 252 260 290 322 349 363 368 375 385 388 390 392 394 400 404 367 342 345 351 333 389 412 413 425 417 419 400 413 424 422 443 441 409 398 373 406 374 371 392 427 419 397 378 396 395 356 357 363 348 342 331 328 340 339 333 324 312 320 340 368 385 375 371 367 363 356
