kuenm_practice/Projection_variables/cc_rcp45/bio_12.asc
NCOLS 360 
NROWS 210 
XLLCORNER -125 
YLLCORNER 20 
CELLSIZE 0.166666666666667 
NODATA_value -32768 
[rows 0 to 37 of 210, columns 255 to 339 of 360]
491 491 -32768 -32768 -32768 -32768 -32768 -32768 -32768 -32768 -32768 -32768 -32768 -32768 -32768 -32768 -32768 535 541 545 552 567 579 587 602 614 629 648 663 670 673 671 675 673 667 671 681 695 696 695 693 700 702 696 700 698 700 705 717 721 718 717 719 720 719 719 719 721 724 725 724 726 730 733 740 740 742 749 758 759 765 783 783 782 779 785 788 799 807 811 816 817 827 823 819
499 497 -32768 -32768 -32768 -32768 -32768 -32768 -32768 -32768 -32768 -32768 -32768 -32768 -32768 -32768 531 538 544 554 564 573 585 596 605 615 628 645 659 669 673 675 679 688 690 686 685 697 706 708 711 710 711 709 712 714 720 721 724 722 718 722 726 724 726 728 730 730 732 733 735 739 744 747 748 752 758 761 765 775 770 784 795 795 794 798 803 805 809 812 815 818 827 835 836
504 501 -32768 -32768 -32768 -32768 -32768 -32768 -32768 -32768 -32768 -32768 -32768 -32768 -32768 -32768 534 540 547 554 561 571 588 605 616 628 637 649 658 663 671 677 684 688 697 701 696 693 705 716 718 716 718 716 715 719 726 730 729 731 730 737 740 740 739 743 744 745 747 746 749 751 754 753 756 759 763 769 774 783 779 783 798 810 807 809 813 822 820 819 821 829 834 846 849
508 504 -32768 -32768 -32768 -32768 -32768 -32768 513 -32768 -32768 -32768 -32768 -32768 -32768 -32768 -32768 542 550 554 561 574 590 601 617 631 643 652 664 668 670 675 681 686 689 695 699 703 706 711 709 708 712 722 724 725 735 733 737 739 740 752 749 749 747 749 751 754 754 757 756 756 757 759 763 767 770 777 785 803 805 805 808 813 815 817 820 827 834 830 833 839 840 844 846
515 -32768 -32768 -32768 -32768 -32768 -32768 -32768 -32768 -32768 -32768 523 -32768 -32768 -32768 -32768 -32768 -32768 551 556 565 576 588 599 615 632 645 655 667 676 678 685 689 689 690 694 698 696 699 703 710 713 714 717 726 740 753 746 744 750 758 752 752 755 759 753 752 758 763 761 762 763 765 770 774 778 788 799 803 807 811 812 819 824 823 827 831 837 841 847 847 852 856 856 858
522 522 -32768 -32768 -32768 -32768 -32768 -32768 -32768 -32768 -32768 -32768 -32768 -32768 -32768 -32768 -32768 -32768 552 557 562 572 584 599 616 632 644 657 667 674 683 689 693 699 696 697 697 698 710 717 712 712 721 727 730 728 730 744 751 749 750 751 752 760 761 755 758 765 769 772 773 777 778 782 784 786 800 822 819 813 817 820 827 831 834 837 839 843 850 853 856 861 870 874 881
527 526 526 -32768 -32768 -32768 -32768 -32768 -32768 -32768 -32768 -32768 -32768 -32768 -32768 552 -32768 -32768 -32768 -32768 564 573 585 598 614 632 647 660 670 676 684 695 700 702 702 700 703 707 717 726 722 726 726 729 730 738 736 735 733 748 758 761 762 760 763 765 763 772 777 780 791 796 792 792 794 799 809 812 812 822 824 828 834 835 840 847 848 853 863 865 868 871 877 884 891
536 533 530 -32768 -32768 -32768 -32768 -32768 -32768 -32768 -32768 -32768 -32768 -32768 -32768 -32768 -32768 -32768 -32768 563 569 576 588 600 613 627 639 656 667 675 683 689 695 699 702 706 710 714 728 735 738 738 739 744 743 740 740 744 749 748 750 751 756 765 776 777 780 778 777 783 792 796 797 800 805 806 811 813 823 825 834 834 841 846 850 858 869 870 875 880 884 889 891 896 903
542 538 -32768 -32768 -32768 -32768 -32768 -32768 -32768 -32768 -32768 -32768 -32768 -32768 -32768 -32768 570 -32768 -32768 576 579 585 596 610 626 640 653 664 674 682 689 694 700 706 710 712 718 724 737 744 743 746 748 753 753 748 748 754 763 769 776 780 785 791 790 792 793 793 794 802 801 804 809 808 811 819 822 821 825 828 838 846 855 854 859 869 883 890 892 900 903 903 907 914 925
548 545 544 -32768 -32768 -32768 -32768 -32768 -32768 -32768 -32768 -32768 -32768 -32768 575 579 571 -32768 -32768 -32768 584 592 602 616 628 647 657 666 675 684 693 705 708 713 717 722 727 735 743 748 753 760 764 770 773 772 763 766 776 783 781 780 795 798 803 809 810 810 811 816 815 820 823 818 820 828 836 837 833 834 844 853 863 870 877 884 895 902 907 915 914 922 926 931 938
555 551 548 -32768 548 547 549 550 552 -32768 -32768 -32768 -32768 -32768 578 579 581 580 -32768 -32768 592 600 611 625 637 648 663 675 686 693 704 715 717 720 724 730 736 742 749 755 765 772 771 776 781 788 781 785 792 798 799 805 815 811 811 813 818 825 826 825 833 841 833 834 839 838 843 846 844 847 852 859 874 887 900 914 912 920 926 927 936 949 950 960 953
560 557 556 553 552 553 554 555 558 560 -32768 -32768 -32768 -32768 -32768 589 586 -32768 -32768 -32768 607 609 619 633 641 654 669 685 698 708 717 724 729 727 735 742 747 757 762 764 777 785 782 792 800 800 794 797 797 796 801 802 806 813 815 821 826 826 828 831 834 838 845 846 854 861 856 856 856 857 863 872 887 898 914 937 946 960 956 951 960 978 981 987 975
568 565 562 556 556 557 560 563 567 570 574 -32768 -32768 -32768 -32768 -32768 -32768 -32768 -32768 -32768 614 616 622 631 645 659 673 689 702 709 719 731 737 737 741 746 751 761 765 769 777 784 792 799 804 810 806 808 817 818 822 823 817 818 828 837 836 841 841 844 849 857 865 864 876 876 871 866 869 871 873 877 889 902 922 929 944 951 958 977 978 987 1006 1009 994
577 572 566 565 -32768 -32768 -32768 565 569 575 582 -32768 -32768 -32768 -32768 -32768 -32768 -32768 -32768 614 618 627 632 638 651 662 676 689 704 710 720 734 745 752 754 756 766 767 770 778 783 788 792 799 806 817 817 819 825 830 839 837 828 829 837 847 852 858 859 857 859 857 861 867 873 874 874 879 884 881 884 888 899 913 925 929 946 953 977 979 987 996 1008 1012 1011
586 580 576 569 567 568 -32768 -32768 -32768 -32768 -32768 -32768 -32768 -32768 -32768 -32768 -32768 620 -32768 627 628 632 640 647 659 671 684 698 712 725 738 746 749 755 765 765 771 774 778 788 795 804 812 813 823 831 824 829 838 841 843 843 846 848 849 854 859 865 868 866 855 855 857 865 871 876 883 886 890 894 899 907 913 930 933 930 934 956 983 999 1001 1012 1031 1037 1037
597 592 584 577 571 571 -32768 -32768 -32768 -32768 -32768 -32768 -32768 -32768 -32768 -32768 -32768 -32768 -32768 -32768 -32768 -32768 651 656 665 682 693 705 721 732 740 751 753 765 770 776 780 788 803 805 812 816 814 816 825 827 831 836 843 845 844 846 854 861 858 860 867 869 867 861 868 869 872 875 875 878 897 903 920 935 951 980 972 976 944 948 943 974 997 1001 1022 1036 1051 1041 1059
612 603 596 589 580 579 584 -32768 -32768 -32768 -32768 -32768 -32768 -32768 -32768 -32768 -32768 -32768 648 -32768 649 -32768 -32768 666 672 683 697 710 725 736 748 759 768 774 782 785 793 799 803 807 817 824 821 822 826 829 831 832 837 837 842 854 855 859 858 858 863 861 868 877 882 898 906 927 925 939 949 947 961 976 998 1000 977 971 974 971 966 968 996 1006 1014 1035 1056 1055 1076
623 616 611 605 598 596 601 613 620 625 -32768 -32768 -32768 -32768 -32768 -32768 -32768 659 662 662 662 666 676 678 686 697 711 728 739 752 767 781 786 792 795 797 803 818 820 818 825 827 831 837 838 839 841 844 843 848 856 858 853 857 858 863 867 877 878 891 915 943 969 967 937 962 961 976 969 977 993 988 976 965 998 1004 1005 994 980 997 1000 1015 1030 1034 1061
636 633 627 624 622 620 622 628 633 640 649 -32768 -32768 -32768 -32768 -32768 -32768 663 673 667 675 680 683 690 698 709 720 735 751 762 775 785 790 795 797 802 811 818 829 835 838 839 838 843 850 855 858 862 860 857 855 855 859 863 866 870 872 880 925 937 949 977 979 942 947 958 958 958 961 970 984 979 958 961 964 996 982 994 970 980 998 1037 1051 1046 1039
650 647 644 643 643 645 647 651 654 658 663 669 -32768 -32768 -32768 -32768 -32768 -32768 -32768 682 689 693 697 705 714 723 735 747 761 771 782 789 795 801 806 812 820 827 835 844 843 848 848 852 856 860 867 871 869 866 866 865 869 875 878 880 889 943 972 972 970 966 953 935 931 940 948 943 958 956 967 962 950 948 948 974 974 1008 993 978 1006 1043 1030 1031 1053
667 666 666 664 665 669 671 673 677 680 683 684 689 -32768 -32768 -32768 -32768 697 698 697 701 700 708 716 726 737 748 762 774 784 796 802 807 814 823 829 831 834 845 850 854 856 856 860 870 870 869 873 877 877 878 874 882 886 896 892 921 941 929 940 935 916 928 950 946 939 931 940 954 980 965 971 973 959 956 965 976 994 994 989 972 1003 1017 1043 1029
689 688 686 684 685 686 689 691 695 698 702 703 702 -32768 -32768 -32768 707 707 709 710 713 715 722 730 738 747 758 769 784 796 809 816 819 826 832 840 845 845 853 861 865 864 872 876 873 874 877 877 880 880 880 881 887 902 903 897 909 901 903 919 920 918 948 955 961 960 946 937 946 956 971 988 992 962 968 965 963 979 996 985 981 1025 1043 1046 1031
709 710 707 702 703 703 705 707 711 715 719 720 719 718 720 719 716 717 720 722 725 728 735 742 753 767 779 792 808 817 821 828 830 836 842 850 856 859 869 880 883 876 879 880 881 889 890 887 890 890 891 894 897 904 902 895 898 902 906 909 919 926 945 968 965 962 945 956 953 950 952 987 1028 999 989 995 973 981 995 991 987 1001 1041 1050 1030
724 724 723 720 719 717 719 722 725 728 732 734 735 734 734 730 728 729 732 736 741 751 751 758 771 787 799 811 819 828 835 839 842 841 848 859 865 870 872 878 884 882 883 890 896 895 896 899 899 903 905 903 903 902 900 904 911 920 934 948 958 962 982 982 972 966 947 965 966 971 957 946 1001 1013 1001 1026 1018 996 1012 1009 1025 1019 1004 1016 1067
742 741 738 734 733 735 737 738 740 743 746 747 748 748 746 744 742 743 747 758 763 767 772 781 791 805 816 824 837 846 844 849 851 851 856 861 865 873 878 889 893 896 904 910 909 906 914 917 917 917 915 911 907 907 915 918 926 936 949 968 959 984 986 996 991 991 972 957 956 961 964 946 979 965 999 1037 1077 1021 1009 1009 1034 1037 1029 1051 1112
757 753 751 749 750 749 751 752 756 758 763 770 775 777 772 766 761 760 762 769 781 786 797 808 817 824 834 837 846 853 854 858 862 865 869 871 874 877 886 893 894 896 901 906 915 928 928 932 931 925 924 920 916 923 928 949 954 964 973 969 978 988 989 999 996 996 985 960 970 959 951 945 955 968 1012 1049 1044 1021 1010 985 1027 1031 1035 1031 1067
770 767 768 768 768 766 767 770 774 776 786 798 809 815 812 806 801 795 787 785 789 800 815 825 835 843 850 854 859 867 868 872 874 881 880 880 884 892 903 910 909 910 918 924 935 947 943 948 951 952 945 928 934 936 948 963 960 965 983 975 986 985 984 1007 1003 1018 1029 1001 1024 1003 973 959 951 961 1004 1046 1043 1020 1024 987 1021 1041 1018 1016 1040
780 782 784 784 782 782 786 795 801 806 816 826 832 833 833 830 828 826 824 817 814 819 834 844 849 855 859 864 868 878 876 879 884 890 887 891 896 903 914 916 923 923 931 931 936 938 946 952 959 972 955 940 941 952 958 962 961 976 975 976 988 988 991 1045 1042 1057 1032 1020 1034 1024 1005 984 988 982 992 1034 1031 1013 996 979 1036 1053 1040 999 1059
796 799 800 801 799 802 807 821 827 832 837 840 841 841 842 843 842 842 839 841 839 842 853 854 861 866 872 874 878 879 879 884 891 894 893 895 902 914 921 917 924 927 933 937 941 950 955 961 966 972 971 954 962 964 963 963 969 977 969 974 990 992 1002 1036 1071 1068 1060 1035 1043 1036 1018 1029 1040 1019 1005 1005 1004 1003 990 985 1018 1052 1049 1022 1060
816 823 826 827 830 827 835 839 844 848 849 849 850 851 851 850 848 847 848 849 849 851 861 866 868 873 879 884 886 889 891 895 897 899 899 904 906 911 918 920 926 934 933 942 942 950 963 978 981 981 977 976 979 969 964 957 970 979 969 996 1026 1018 1028 1025 1067 1081 1094 1060 1046 1017 1024 1025 1033 1041 1017 993 1001 1010 1005 1019 996 1024 1017 1033 1065
839 847 845 853 856 847 852 853 855 858 858 859 858 857 859 861 852 847 847 850 852 857 865 871 877 881 888 895 896 898 898 900 902 906 904 908 913 917 927 933 936 938 940 943 951 953 967 987 1002 998 986 994 983 966 963 960 971 971 971 994 1017 1023 1020 1021 1040 1077 1098 1094 1062 1047 1023 1017 1013 1016 1004 997 1010 1017 1022 1015 1010 1025 1033 1039 1044
849 850 846 850 853 856 860 865 866 866 866 866 865 864 861 864 860 856 852 858 860 867 874 878 884 888 898 903 908 906 907 905 910 910 910 919 923 924 931 935 941 943 946 950 953 959 972 993 1003 1001 1003 996 991 971 966 970 978 984 969 976 994 996 1007 1012 1045 1058 1061 1065 1048 1029 1038 1032 1017 1010 1009 1010 1010 1012 1017 1025 1027 1026 1031 1018 1027
848 849 850 851 856 861 864 870 874 872 868 868 867 866 862 859 859 857 859 864 867 870 878 881 890 898 903 906 909 910 912 915 930 939 927 923 920 933 936 936 941 948 957 960 964 966 978 990 996 1005 1002 997 991 976 962 974 999 973 965 966 969 957 972 981 1031 1037 1048 1037 1040 1049 1040 1028 1023 1036 1021 1022 1026 1011 1028 1033 1030 1031 1028 1047 1036
845 846 848 850 853 861 866 871 876 876 872 864 866 869 864 859 858 860 863 871 871 876 882 887 894 897 904 907 912 912 913 919 934 936 932 931 932 937 945 949 955 963 963 966 972 977 984 994 1002 1003 996 994 986 985 968 989 968 963 946 945 954 938 939 957 1002 1033 1041 1032 1070 1074 1074 1066 1074 1069 1046 1027 1031 991 1039 1031 1023 1040 1037 1034 1039
837 842 841 848 856 865 872 877 881 874 872 870 871 874 866 860 862 867 873 874 886 889 884 891 896 900 904 913 917 915 916 915 917 927 933 943 949 953 962 974 980 982 980 985 988 995 1005 1011 1002 1001 997 993 985 980 973 970 958 947 935 928 931 922 929 958 993 1050 1038 1034 1061 1090 1103 1090 1081 1090 1063 1047 1054 1028 1024 1001 1020 1031 1040 1028 1015
827 832 835 847 857 863 874 885 887 877 869 864 860 857 858 864 868 868 878 871 882 888 892 900 898 900 902 912 916 917 919 919 920 925 942 962 968 968 975 984 989 992 995 999 1008 1023 1026 1018 1011 1009 1000 992 987 986 982 962 941 932 921 914 904 907 919 946 966 991 1039 1039 1034 1089 1123 1111 1098 1087 1084 1074 1062 1059 1053 1027 1010 998 1003 995 992
812 819 828 841 854 860 869 875 875 866 855 850 847 846 845 848 857 862 868 874 881 890 896 900 901 900 904 913 919 919 920 924 928 945 959 970 975 981 993 995 997 999 1007 1015 1028 1031 1027 1027 1021 1019 1020 1011 1017 1021 994 976 956 930 912 893 881 879 892 918 938 970 998 1051 1044 1140 1162 1146 1134 1124 1108 1113 1076 1062 1030 1027 996 980 971 961 -32768
802 802 814 831 846 855 863 870 869 858 843 834 834 836 839 843 852 855 865 869 879 886 896 904 905 904 907 915 921 924 927 932 938 948 972 984 993 994 1002 1002 1004 1013 1019 1033 1029 1025 1022 1016 1025 1038 1030 1011 1028 1048 1036 1021 1000 973 917 881 864 863 874 897 926 945 968 1018 1045 1146 1173 1165 1182 1176 1159 1123 1077 1053 1029 1003 980 966 -32768 -32768 -32768
