kuenm_practice/Projection_variables/cc_rcp45/bio_12.asc
NCOLS 360 
NROWS 210 
XLLCORNER -125 
YLLCORNER 20 
CELLSIZE 0.166666666666667 
NODATA_value -32768 
[rows 38 to 75 of 210, columns 170 to 254 of 360]
471 479 491 503 516 527 533 539 545 554 563 572 591 618 633 641 645 647 647 642 645 656 670 681 689 692 688 680 666 653 651 661 675 688 697 704 710 715 719 727 730 734 736 755 761 767 751 745 733 743 753 757 764 770 774 776 778 779 784 792 801 807 818 831 835 839 842 843 843 848 840 822 806 795 791 803 809 801 792 789 790 787 781 778 781
477 485 496 507 518 527 534 541 550 556 562 575 593 614 630 640 645 646 642 641 647 658 668 678 684 685 681 673 666 659 658 665 672 681 693 701 705 710 715 724 737 734 720 719 715 713 724 738 737 743 751 758 766 771 773 777 779 782 787 794 801 807 813 843 857 871 871 880 871 870 870 857 827 813 809 810 813 804 798 794 789 781 772 775 764
481 493 504 513 520 528 537 545 552 557 565 577 592 611 628 640 648 650 648 648 653 662 672 682 683 685 685 678 672 669 670 677 684 689 694 696 698 706 714 725 724 724 730 723 720 721 725 735 742 750 755 762 769 774 778 781 785 787 793 798 804 808 811 847 876 882 886 894 896 897 903 887 873 856 839 830 826 820 807 803 791 780 773 764 754
488 500 512 519 524 531 541 546 554 558 566 578 594 611 628 638 648 653 653 653 656 661 669 679 687 692 694 690 687 678 676 681 690 699 705 707 706 704 712 718 722 727 725 715 716 723 734 747 752 756 762 767 772 775 781 784 787 792 796 799 806 811 815 822 851 870 891 908 909 925 932 929 916 896 883 866 858 846 828 814 797 783 780 773 767
494 508 520 529 535 541 549 554 556 559 568 582 603 623 637 645 649 650 654 657 658 658 665 674 684 694 700 701 692 687 691 696 702 708 717 714 709 702 707 718 716 710 706 714 724 743 747 749 757 763 769 774 778 782 786 789 793 796 802 805 811 815 819 823 829 846 866 880 885 902 929 960 950 934 920 902 886 867 850 823 804 795 793 786 780
501 518 534 541 549 556 561 567 572 574 582 597 612 628 639 646 652 655 656 659 658 657 659 669 682 696 707 705 699 700 707 711 714 719 719 712 695 682 681 683 693 705 714 724 733 741 751 758 765 772 777 780 784 787 792 795 799 802 807 810 813 816 820 827 840 851 854 867 884 904 949 978 972 967 951 929 912 892 866 840 822 815 805 800 796
515 529 545 555 561 569 581 591 594 594 594 609 620 629 638 648 656 659 662 661 658 657 659 669 682 695 703 708 710 716 726 737 738 731 712 692 685 686 690 698 709 718 729 737 746 753 761 768 775 782 785 788 789 792 795 799 802 808 810 812 816 819 823 830 835 843 854 867 887 906 951 978 978 985 977 960 934 913 892 872 854 841 834 830 823
528 541 554 563 571 583 597 607 613 610 612 622 632 637 640 648 658 662 665 664 663 663 657 659 674 684 694 706 717 728 741 744 733 711 702 707 708 710 715 721 730 738 746 753 759 765 772 780 787 795 815 814 806 801 801 803 807 812 816 819 823 824 826 830 833 841 854 868 884 901 918 944 987 999 994 978 958 943 926 908 883 865 859 860 845
536 547 557 567 579 596 613 626 634 632 631 635 642 643 642 652 661 667 669 669 666 664 659 663 675 684 696 712 720 733 736 727 712 716 724 729 734 737 743 748 753 761 765 769 773 775 781 790 807 826 812 799 798 800 803 808 813 817 822 825 826 826 826 829 830 836 848 862 878 895 913 930 972 1005 1007 996 987 977 956 935 914 893 880 877 870
531 544 557 570 586 606 618 633 640 641 646 650 651 652 655 662 672 680 679 672 671 671 673 679 690 698 709 719 728 729 720 715 721 733 744 755 762 767 770 774 779 784 787 787 785 784 792 823 821 808 800 797 796 800 805 811 817 823 828 831 832 831 826 824 822 830 840 854 870 886 905 935 990 999 1013 1015 1010 997 979 954 933 916 898 888 887
526 542 556 571 588 607 621 634 639 641 646 652 659 661 666 674 680 682 681 679 680 683 690 700 710 719 726 729 714 711 718 723 731 748 774 783 789 791 793 797 801 805 806 803 799 805 824 828 807 798 799 799 802 799 804 810 819 827 835 839 838 833 824 817 815 821 829 843 858 876 894 914 938 970 1019 1035 1021 1010 990 961 946 930 917 908 904
524 539 557 574 589 608 623 636 642 643 648 656 662 664 673 680 684 687 685 685 689 697 707 719 732 735 730 703 702 713 725 737 759 781 786 789 802 810 812 814 830 869 853 843 826 819 822 807 810 817 842 851 845 833 808 809 820 831 841 847 846 836 823 810 805 810 819 831 850 865 881 900 920 953 999 1023 1017 999 986 969 959 945 937 921 921
525 538 558 572 591 611 627 639 645 648 650 656 665 664 669 679 686 689 692 695 701 711 719 728 737 734 719 713 717 728 749 758 775 778 776 794 818 829 846 859 873 885 893 870 841 819 815 819 833 853 856 848 851 848 852 815 818 834 847 856 854 845 838 830 821 817 818 828 842 851 862 880 903 932 948 966 971 970 970 960 958 937 930 925 920
527 539 558 575 592 611 632 642 648 651 655 657 663 661 664 678 689 696 701 708 713 722 725 730 739 745 744 729 712 709 736 763 773 778 794 810 838 863 875 878 878 879 879 867 846 837 826 826 830 836 836 830 829 837 847 845 833 854 860 871 871 860 841 825 817 816 812 815 828 844 859 869 872 872 873 887 905 909 922 927 918 914 911 918 912
529 538 553 571 589 607 626 643 650 658 663 663 663 661 665 679 692 699 705 715 723 732 734 744 754 756 744 721 679 660 717 767 792 806 821 835 850 864 870 865 861 859 859 854 851 849 839 823 814 810 805 808 815 821 830 839 853 858 854 859 857 842 825 815 809 806 807 810 818 832 843 841 842 843 832 838 855 855 868 878 878 876 879 882 879
528 537 550 566 580 595 616 632 646 660 672 673 666 661 668 683 698 709 715 722 726 737 749 756 759 756 745 728 710 702 739 779 803 811 821 832 841 850 850 843 836 832 829 827 824 835 833 819 807 792 784 793 800 810 819 825 833 832 823 828 829 817 808 805 808 806 794 794 802 813 818 821 818 817 809 805 802 814 830 840 846 848 847 847 849
531 540 550 563 573 585 600 616 634 653 672 675 669 662 669 686 705 716 724 722 725 738 752 759 761 762 757 748 741 746 772 803 812 816 822 828 828 828 830 826 819 813 809 799 801 818 821 810 799 789 782 784 792 801 809 810 806 797 788 792 794 798 788 795 801 799 789 785 786 789 794 797 792 787 781 779 777 789 805 820 822 829 836 832 835
540 549 556 564 568 566 573 595 619 644 663 674 678 673 675 692 711 724 728 725 728 739 754 764 771 774 773 776 775 783 802 822 820 821 825 822 817 813 815 818 805 801 799 791 798 808 812 804 798 794 785 785 788 799 804 798 784 763 760 762 772 779 782 789 795 793 789 784 783 782 789 793 782 772 768 764 764 770 780 789 797 804 811 815 822
549 559 566 568 561 533 525 553 598 637 664 675 684 690 686 693 715 734 734 732 731 742 751 764 779 790 795 806 806 803 812 834 823 823 826 818 814 806 807 812 806 802 801 798 802 810 810 805 798 794 785 784 788 797 800 789 769 752 746 751 760 773 782 789 793 795 795 789 788 798 807 805 789 772 772 760 757 759 763 770 778 787 795 801 807
552 564 573 570 545 494 469 515 581 638 673 688 692 698 700 704 720 734 742 740 740 745 754 766 783 787 797 810 813 809 819 825 817 818 816 809 806 805 811 816 813 809 811 817 823 815 810 810 803 793 782 783 787 797 800 783 764 750 743 751 761 774 787 794 801 800 799 798 799 804 814 807 792 785 772 763 757 750 750 755 763 773 783 793 800
558 569 576 575 550 495 459 511 584 647 686 694 696 701 707 714 725 737 741 742 744 749 760 771 781 787 798 810 814 810 809 813 814 810 808 808 812 813 816 819 814 810 811 814 820 821 821 809 800 791 783 781 784 794 795 779 765 757 750 757 768 782 794 804 810 810 807 808 814 817 824 831 809 789 768 756 750 745 742 740 748 761 774 784 795
569 580 588 589 579 550 530 552 603 657 685 696 697 700 709 716 727 743 751 745 743 755 770 775 781 791 801 801 803 806 804 798 800 803 803 808 815 818 822 822 817 813 813 819 817 813 807 803 798 793 786 780 783 789 789 778 773 763 761 767 778 792 806 819 821 820 817 808 816 818 832 841 818 787 756 744 736 733 731 730 739 754 767 780 792
593 594 601 603 605 603 588 596 623 656 677 690 696 700 709 715 730 745 750 742 734 756 771 772 784 797 804 800 795 798 790 786 793 797 798 805 814 823 824 823 817 815 815 817 815 806 799 796 795 792 784 775 774 776 778 777 774 766 770 777 789 803 816 829 841 835 813 802 802 820 822 810 801 782 757 735 730 729 732 729 737 752 766 780 793
609 613 616 617 619 623 622 625 641 658 675 691 702 706 713 723 735 739 739 742 753 770 761 765 788 804 804 798 792 795 795 795 801 805 805 805 810 820 825 822 818 819 819 820 818 806 796 793 790 786 775 764 758 763 773 774 768 770 778 786 799 814 828 841 858 844 809 804 805 809 803 795 784 763 750 739 734 735 736 744 744 756 767 783 798
612 620 626 624 628 635 641 647 651 660 675 692 707 717 720 728 734 737 740 756 770 776 773 773 778 795 803 803 808 812 812 814 818 823 821 807 803 815 823 823 821 818 814 818 818 807 797 789 782 779 766 747 748 762 768 764 766 772 782 793 806 821 838 850 851 844 823 808 800 790 787 785 774 761 747 744 740 738 739 745 748 761 774 788 802
603 621 628 636 640 645 651 657 659 667 678 691 709 723 730 736 739 750 758 770 777 782 786 792 796 802 802 811 822 822 825 821 826 828 824 810 806 813 815 815 815 812 810 814 813 807 796 784 777 772 755 742 754 760 759 760 768 776 787 798 810 822 838 850 852 846 831 812 796 785 768 762 761 762 764 747 742 735 744 750 755 766 779 793 812
597 620 635 644 656 664 666 662 663 672 682 695 710 726 738 746 752 762 773 781 784 791 793 795 797 804 818 830 822 825 830 831 829 829 819 817 821 823 817 811 808 807 803 812 809 802 790 781 777 768 759 758 761 757 753 759 770 781 791 803 814 825 839 849 852 854 850 824 799 778 765 762 768 767 754 746 744 740 745 750 757 768 784 803 821
599 622 646 661 669 677 681 680 685 691 692 698 711 730 747 756 764 771 789 793 788 794 798 799 798 809 832 836 840 824 826 823 815 815 821 824 830 824 817 807 804 803 800 801 799 793 782 774 770 765 781 776 778 767 757 765 776 787 798 810 818 833 845 854 863 858 850 833 811 786 778 777 768 759 753 750 745 738 739 743 753 768 789 809 831
613 636 660 671 684 686 688 692 700 708 707 708 718 740 757 766 767 770 786 799 800 803 805 807 806 814 833 840 840 840 839 825 800 811 817 824 835 829 817 812 806 805 803 797 794 788 785 778 769 765 793 811 810 783 773 776 784 794 805 815 825 840 853 864 875 868 861 840 818 799 794 782 774 767 763 755 744 736 732 732 746 770 796 820 837
631 651 671 681 693 700 699 698 707 717 719 723 739 756 768 775 771 769 789 808 810 811 814 825 827 832 838 837 836 833 829 826 802 816 826 832 829 834 825 822 811 809 803 798 794 792 796 787 771 775 805 832 825 798 787 787 793 801 810 821 832 851 867 876 875 875 869 846 833 816 799 785 777 772 770 763 754 743 729 724 743 768 793 817 830
637 657 675 687 697 707 709 708 711 723 729 736 751 765 773 778 783 790 802 815 820 821 825 838 847 849 853 850 844 833 838 835 809 813 823 822 829 831 829 824 814 804 798 799 799 804 800 793 789 795 807 819 817 798 794 796 803 810 820 826 837 860 868 874 878 878 872 858 846 832 809 794 783 777 774 775 765 752 738 737 748 760 777 799 813
643 663 676 688 699 708 713 715 721 733 739 744 758 768 774 780 792 804 815 825 829 833 841 851 861 867 868 864 848 835 823 820 815 819 825 826 836 832 831 826 815 805 803 800 804 806 805 803 798 806 809 806 800 793 799 805 811 819 825 833 839 846 857 866 873 875 875 866 857 843 823 803 790 782 776 773 767 757 750 751 754 757 761 777 799
651 667 679 692 700 709 718 723 731 741 751 758 769 774 776 783 796 811 822 830 834 842 855 864 870 879 879 872 858 840 823 817 823 822 828 835 830 833 820 815 804 796 804 802 806 812 814 816 809 811 813 802 796 798 807 815 822 828 834 838 841 843 846 856 871 882 885 878 866 853 831 811 796 781 771 766 763 760 759 761 756 759 759 770 789
662 673 687 696 705 715 729 737 744 751 766 772 778 784 786 793 804 816 828 842 847 852 858 867 876 887 890 879 868 857 843 833 831 833 833 838 846 849 839 834 829 825 819 805 813 821 826 827 821 821 823 817 810 811 820 828 835 840 844 846 848 848 846 861 878 891 889 890 877 861 838 816 797 782 772 768 765 766 762 760 764 765 766 774 788
670 681 690 697 712 725 738 751 761 766 778 784 788 792 797 803 809 819 837 853 857 858 860 868 880 892 898 895 890 878 862 853 851 843 851 852 858 865 863 862 850 849 834 831 828 834 838 837 841 846 840 839 832 832 838 842 848 852 856 859 862 864 869 883 895 899 900 893 881 867 843 820 799 784 776 773 769 769 770 777 786 784 782 786 791
675 690 691 703 719 736 747 767 779 781 789 795 801 808 815 820 822 831 846 863 873 866 861 869 881 894 902 900 899 896 883 872 861 850 852 857 863 874 869 866 859 862 853 850 852 850 856 863 873 875 861 855 853 854 855 858 863 867 871 874 879 883 893 911 920 921 915 896 881 870 852 829 799 787 787 780 776 780 784 789 797 799 794 797 801
678 693 700 711 727 741 764 779 794 798 801 805 812 823 836 838 832 839 851 862 873 873 867 872 881 891 896 895 894 896 892 888 881 878 875 865 874 881 883 876 866 866 874 866 866 863 872 885 901 904 888 879 869 864 868 873 877 881 886 891 895 899 911 932 948 942 923 908 887 876 859 835 806 794 793 790 788 789 792 796 801 802 807 809 813
692 687 701 718 733 751 774 786 799 809 812 811 816 828 842 844 839 842 854 863 869 869 872 876 883 889 887 887 887 891 896 892 884 884 890 901 889 885 889 888 881 869 875 881 881 882 895 902 914 914 904 896 883 873 879 885 891 898 903 909 912 913 923 948 965 949 930 919 902 884 868 848 822 809 806 807 806 807 805 800 810 825 829 830 831
