kuenm_practice/Projection_variables/cc_rcp45/bio_15.asc
NCOLS 360 
NROWS 210 
XLLCORNER -125 
YLLCORNER 20 
CELLSIZE 0.166666666666667 
NODATA_value -32768 
[rows 40 to 79 of 210, columns 92 to 183 of 360]
85 84 80 79 73 69 66 65 65 63 62 63 62 63 62 63 61 60 61 62 63 63 64 65 66 68 69 69 70 71 72 72 71 70 68 67 67 68 69 69 71 74 79 81 82 82 82 83 80 77 75 74 73 72 71 70 70 70 70 70 71 71 72 73 74 75 75 75 75 77 77 77 77 78 77 76 76 75 77 79 80 81 82 83 83 84 85 86 86 87 88 90
89 89 83 80 77 76 77 73 70 67 66 65 63 63 62 62 61 61 61 61 62 63 64 65 67 69 70 71 72 72 72 72 71 70 69 68 69 70 71 72 74 76 79 82 83 83 84 82 82 80 77 76 75 73 72 71 71 71 71 72 73 73 74 75 77 76 76 76 76 77 77 77 77 77 77 76 76 76 77 79 81 81 81 82 83 84 84 84 85 86 88 89
80 84 83 81 81 86 90 82 75 73 70 67 67 66 66 63 62 61 61 61 63 64 65 67 69 71 72 73 74 74 75 75 73 71 70 72 73 74 75 77 79 80 81 82 83 84 84 84 82 81 81 79 77 74 73 72 72 72 73 73 74 75 76 77 78 78 77 77 77 77 78 77 77 78 77 76 76 77 77 79 81 81 82 82 83 84 84 84 84 86 87 89
77 82 83 83 81 83 82 81 78 75 73 70 71 69 68 65 64 63 63 64 63 65 66 68 70 72 72 74 75 76 76 76 74 73 74 75 76 78 79 80 82 84 84 84 84 85 84 84 83 81 81 81 80 78 76 74 74 73 74 75 76 76 77 78 78 78 78 77 77 77 77 77 77 77 77 77 77 77 78 80 82 82 83 84 85 85 85 85 86 86 87 88
83 87 88 87 85 84 83 81 79 77 75 74 74 73 71 68 66 68 67 65 64 66 68 69 70 71 73 75 76 77 77 77 75 75 77 78 79 81 83 84 86 86 87 86 85 85 85 84 82 81 82 82 81 80 79 77 77 76 76 76 77 78 78 79 79 79 79 78 77 77 77 77 76 77 78 78 78 78 79 80 82 84 85 87 88 88 88 87 87 87 88 88
89 93 94 92 91 90 87 85 83 80 77 78 77 77 74 71 69 69 68 66 66 66 68 69 70 72 74 75 76 77 77 77 77 78 80 80 81 83 85 87 89 89 89 88 87 87 86 85 84 82 83 84 83 81 80 79 78 77 78 78 78 79 79 80 80 79 79 78 77 77 77 77 76 77 77 78 77 78 80 81 83 84 86 88 90 90 90 89 89 89 88 88
94 100 105 103 97 93 90 88 85 83 80 81 81 79 75 72 69 69 69 68 67 67 68 70 72 74 73 73 74 75 75 76 77 79 81 81 82 85 87 88 89 90 89 89 88 87 86 85 84 83 82 82 82 81 80 80 79 79 78 79 79 80 81 80 80 79 79 78 78 77 76 75 75 75 76 75 76 77 79 81 83 85 87 90 92 93 93 92 91 90 90 89
93 99 106 100 98 96 92 88 86 85 83 84 83 81 78 75 74 72 70 69 68 69 69 72 73 73 72 72 73 73 74 75 76 78 80 81 82 85 88 89 89 90 89 88 88 87 87 86 84 83 81 81 80 81 80 79 79 78 77 78 79 79 80 80 80 79 79 79 78 77 76 75 74 74 73 73 74 75 78 80 82 85 88 91 92 93 94 94 93 92 91 90
99 106 107 105 101 98 91 87 86 86 84 85 84 82 79 78 76 74 72 71 70 69 71 71 70 70 70 70 71 71 72 73 74 76 78 80 82 85 87 89 90 90 90 90 89 88 87 86 84 82 81 80 78 78 77 78 78 78 78 77 79 79 80 80 80 80 80 80 79 77 76 74 73 72 71 72 72 74 76 79 82 85 88 91 93 94 95 94 93 93 92 91
102 112 112 103 96 93 90 87 86 85 86 85 85 81 78 77 76 74 74 73 72 72 71 70 69 68 69 69 70 70 70 71 73 75 77 79 82 85 87 89 90 90 90 90 89 88 87 86 83 82 80 78 77 74 75 77 78 78 77 78 79 79 79 80 80 80 80 81 80 78 76 75 73 71 70 71 72 74 76 79 82 86 89 91 93 95 95 95 94 94 93 92
84 86 88 88 87 87 85 84 84 85 87 87 86 82 79 76 76 75 75 74 72 71 70 68 68 69 70 71 70 70 69 68 70 73 76 80 83 85 88 89 90 90 91 90 89 88 86 85 84 81 80 78 77 75 74 76 77 78 78 79 78 79 79 80 80 80 80 81 81 79 77 75 73 71 71 72 73 74 77 79 82 86 89 92 94 95 96 96 95 94 94 93
77 76 78 81 82 82 81 83 85 87 87 86 85 82 80 78 77 77 75 75 74 72 70 70 73 71 71 74 73 71 69 66 65 71 77 82 84 87 88 89 89 89 89 89 88 88 87 85 85 82 79 77 76 74 73 75 77 78 79 79 79 79 80 80 80 80 80 81 81 80 77 76 74 73 72 73 74 76 78 80 83 86 90 92 94 96 97 96 95 94 94 94
78 78 78 81 81 83 85 87 87 86 85 84 83 81 81 79 78 78 77 76 75 75 73 72 73 73 71 74 75 74 73 70 69 73 79 84 87 88 88 88 89 89 89 89 89 88 87 85 83 81 79 76 74 72 71 73 76 78 79 80 80 80 80 81 80 80 81 81 81 80 79 77 76 74 73 74 76 77 80 81 83 87 89 92 94 96 97 97 96 95 95 94
87 86 86 87 86 86 83 81 82 82 82 81 80 80 83 81 83 81 81 79 79 77 75 75 74 74 73 73 75 76 76 75 76 78 80 84 86 88 89 88 89 89 89 88 88 87 86 85 82 80 78 77 75 71 70 73 76 78 80 80 81 81 81 81 81 80 82 82 81 80 80 79 77 76 75 76 78 78 80 82 84 86 88 89 92 94 96 96 96 96 95 95
95 93 89 89 89 87 82 79 79 82 83 84 78 81 81 81 84 84 83 81 80 78 78 78 77 75 75 73 74 78 79 79 78 80 81 85 87 87 88 88 88 87 87 86 86 86 85 83 81 80 79 77 76 74 72 73 76 78 80 80 81 81 81 81 81 81 81 81 81 80 80 80 79 79 77 77 77 79 81 83 84 85 86 87 89 92 94 95 96 97 98 98
91 92 96 94 90 85 81 82 84 85 82 80 76 79 80 82 86 85 84 83 80 81 81 78 79 76 75 73 73 76 77 75 77 78 81 84 85 86 87 86 86 86 85 83 83 82 81 81 79 78 78 76 76 75 74 75 76 77 78 80 81 82 82 82 81 81 81 80 80 80 80 81 81 81 79 77 77 79 81 83 83 84 83 81 82 86 91 94 97 100 101 102
98 95 93 92 88 86 90 86 86 84 83 80 79 78 81 82 82 84 87 83 79 81 82 79 78 76 74 74 73 75 74 73 76 77 79 81 83 84 85 85 84 83 82 81 81 80 79 79 78 79 79 78 76 76 74 75 76 77 79 80 81 82 82 82 82 81 81 80 80 80 80 81 82 81 81 79 78 80 82 83 84 82 79 74 73 77 86 93 99 103 105 107
100 99 96 91 82 85 86 86 84 84 84 81 82 80 81 83 83 84 82 79 80 79 81 80 77 75 74 75 75 75 75 75 76 75 80 83 83 83 85 85 83 81 80 79 79 78 79 79 80 79 79 79 78 76 76 75 76 77 79 80 81 82 83 83 82 82 81 81 80 80 81 82 82 82 82 82 80 82 84 85 84 82 76 74 73 73 82 94 102 106 108 109
102 101 97 81 71 77 87 89 78 79 81 81 81 80 80 83 81 78 77 79 80 79 80 77 76 75 74 76 77 76 76 75 75 77 79 81 82 82 82 82 81 80 79 77 76 77 78 78 78 79 79 78 76 76 76 76 75 77 78 79 81 82 82 82 82 82 82 82 81 80 82 83 84 84 84 85 85 85 86 86 85 82 76 74 74 74 83 97 105 108 110 110
103 100 94 68 64 63 69 76 69 74 85 78 77 78 79 80 76 74 77 76 79 79 78 76 78 75 75 78 78 76 75 75 76 78 79 82 82 82 81 81 80 79 78 78 77 77 78 80 81 81 81 80 78 78 77 76 76 76 77 78 80 81 82 82 81 82 82 82 81 81 84 86 86 87 88 88 89 89 88 87 87 85 82 76 76 76 87 100 106 109 110 110
91 96 74 58 58 55 45 47 52 67 85 82 78 76 74 74 73 75 76 76 77 76 76 78 79 77 77 79 78 77 78 77 77 78 80 83 84 84 83 81 79 79 78 78 77 78 79 80 81 81 81 78 77 76 76 76 76 76 76 78 79 79 81 81 81 81 82 81 82 83 85 88 89 90 91 92 93 92 91 89 88 87 86 85 81 83 90 99 104 107 109 109
83 83 71 64 55 45 41 42 46 51 70 84 83 81 75 72 72 73 75 75 74 75 77 79 80 78 78 79 79 80 79 81 80 81 83 85 84 84 84 81 80 80 78 77 77 78 79 79 80 79 77 76 76 76 76 77 77 77 77 77 77 78 79 79 80 81 81 82 83 84 86 90 91 92 94 95 95 94 93 92 90 88 88 87 87 88 93 98 103 105 107 108
84 81 76 64 57 52 44 43 42 44 50 60 77 86 83 78 74 73 73 72 74 73 77 80 80 81 79 80 79 79 81 87 85 86 89 92 90 86 84 81 79 80 80 78 78 78 78 80 80 78 78 77 77 78 77 78 79 79 78 78 78 79 78 78 79 80 82 83 84 85 88 91 94 95 96 97 97 96 96 94 92 90 89 88 88 90 93 97 101 104 106 108
73 70 66 64 60 55 49 44 41 40 45 53 67 82 92 90 77 72 71 71 72 73 76 79 81 82 80 78 77 77 81 87 87 99 106 110 104 93 85 80 78 77 76 76 76 77 79 81 81 80 79 77 78 79 79 79 81 80 79 78 79 80 80 79 80 81 82 84 85 87 89 92 95 97 99 99 98 98 97 97 95 94 91 90 89 90 93 96 99 102 106 108
72 73 79 71 66 60 54 48 44 41 42 47 55 69 83 90 80 72 70 70 71 71 74 78 80 81 79 76 74 74 76 82 91 102 107 111 111 99 87 81 78 77 76 75 78 79 81 81 80 79 78 77 78 79 80 81 81 80 78 78 79 79 80 80 81 83 84 85 87 88 90 92 96 98 99 99 99 98 98 98 97 96 94 93 92 91 92 94 97 101 105 108
73 75 71 69 69 64 58 51 47 44 43 49 53 60 73 80 78 70 69 70 70 71 73 76 78 78 77 74 73 73 73 78 88 98 105 105 105 99 89 81 79 78 77 75 78 79 80 78 77 77 78 79 80 81 82 82 82 80 79 79 79 79 80 80 81 84 86 87 88 89 90 93 95 97 98 98 99 98 98 99 98 98 96 95 94 94 95 97 98 101 104 107
75 78 77 70 69 66 60 56 52 48 47 51 56 59 66 75 74 69 69 70 70 71 73 75 76 75 75 74 72 71 71 73 80 90 100 103 99 96 88 82 79 77 76 77 78 78 79 78 79 80 81 81 83 84 84 83 82 81 81 82 82 82 82 82 84 87 89 89 90 91 92 93 95 96 97 98 98 98 98 99 99 98 98 97 97 97 98 100 101 102 105 108
64 69 74 71 66 63 60 56 54 53 52 53 57 59 64 71 68 68 69 69 69 71 74 74 74 74 73 71 70 70 70 71 73 80 89 94 94 92 85 82 79 77 78 77 77 77 78 78 79 81 82 83 83 83 83 82 83 83 83 83 84 84 85 87 89 90 91 92 92 92 93 94 95 96 97 98 98 98 98 100 100 99 100 99 99 99 100 102 103 104 107 109
52 55 64 63 62 64 63 58 57 57 56 57 58 60 66 69 66 66 67 69 70 72 73 73 73 71 71 71 69 69 69 71 71 75 80 85 88 86 83 81 79 79 78 77 77 79 79 80 82 84 84 85 84 84 85 86 86 87 87 87 87 87 90 91 92 93 94 95 95 94 93 94 95 96 97 98 98 98 99 100 100 101 101 101 101 102 102 104 106 106 108 109
60 51 52 55 57 57 56 55 54 55 57 54 56 62 67 64 63 64 66 67 69 72 72 71 70 70 68 68 68 69 69 70 71 73 76 80 83 82 81 81 80 79 78 80 80 81 81 82 85 85 86 86 85 85 88 89 89 91 92 92 91 91 93 94 95 96 97 97 97 95 94 94 95 96 97 98 99 99 100 101 102 103 101 102 103 103 104 105 108 108 108 109
69 61 53 53 54 54 53 51 48 47 48 48 49 53 57 58 59 61 63 65 67 70 72 70 69 68 68 68 69 69 70 70 72 74 75 77 78 80 81 81 79 79 81 82 84 83 84 85 85 87 88 87 85 87 89 90 92 93 95 95 94 94 96 96 97 98 99 99 97 96 94 93 94 95 97 99 100 100 101 102 103 102 101 102 103 104 104 105 107 108 109 110
67 63 59 53 54 54 52 50 47 46 46 46 47 50 52 54 56 58 60 63 65 68 70 70 69 68 67 67 68 71 72 72 74 75 76 77 78 80 81 80 79 81 83 84 84 83 84 85 86 87 87 85 87 88 89 90 92 93 94 95 96 95 96 98 99 99 100 99 97 95 92 90 91 94 97 99 101 102 102 102 103 104 103 104 106 106 105 105 107 107 108 111
55 62 62 57 54 55 52 49 47 47 46 46 47 50 50 52 55 56 57 58 61 64 66 67 66 67 67 67 68 70 73 74 77 78 77 78 79 80 79 78 79 83 85 87 86 85 84 85 86 86 87 88 88 88 87 90 92 94 95 95 95 95 95 97 99 99 99 98 96 93 88 85 86 92 96 99 100 101 101 102 103 103 104 105 107 108 108 108 108 108 109 112
46 53 59 60 55 54 52 50 47 48 47 46 48 51 52 52 53 53 54 59 63 63 67 68 66 64 65 66 67 69 73 75 79 83 84 84 84 80 79 80 85 87 88 88 86 84 83 84 85 86 87 88 89 89 90 92 94 94 94 94 95 96 95 97 98 98 98 97 95 91 84 75 74 86 95 99 100 100 101 101 102 103 104 106 108 110 111 110 109 109 110 112
43 44 49 53 55 51 49 47 46 46 45 45 46 47 48 49 51 51 52 56 62 65 69 70 68 65 65 64 65 69 73 74 77 81 84 86 85 85 87 88 88 87 87 87 85 84 84 85 87 88 89 90 91 93 94 94 95 96 96 95 96 96 95 96 97 98 98 98 95 90 82 70 67 82 95 100 103 104 103 103 103 104 105 106 109 111 113 112 111 111 112 114
39 41 42 44 46 46 46 45 44 43 43 44 45 45 46 48 48 51 53 54 57 60 65 68 70 69 68 66 66 68 69 70 75 80 81 83 84 85 87 88 87 86 86 85 84 84 84 85 87 89 91 92 93 94 95 96 98 99 99 97 96 95 94 96 97 98 99 98 97 93 88 81 80 88 97 103 107 109 108 106 106 107 108 109 111 111 111 111 111 112 113 115
37 37 39 40 42 42 42 41 41 40 41 42 44 44 47 47 47 50 52 51 52 54 58 63 67 70 68 66 67 66 67 70 74 77 81 84 84 85 87 88 87 86 84 83 82 82 83 85 87 90 92 93 94 94 95 97 99 101 100 98 97 95 95 95 96 97 98 99 99 97 94 92 93 96 103 108 111 113 112 110 109 109 111 112 112 113 113 112 112 112 113 114
34 35 36 39 40 39 38 37 36 36 36 38 39 40 42 45 46 47 48 47 47 49 53 58 62 67 66 65 67 70 70 71 73 76 78 80 83 84 84 85 85 85 84 82 80 81 82 84 85 87 90 93 95 96 97 99 100 101 100 98 96 93 94 94 95 96 97 99 99 100 100 100 101 103 108 112 113 115 115 114 112 112 113 114 113 113 112 113 113 112 111 112
34 34 35 36 37 35 34 34 33 33 33 35 36 38 39 41 42 43 43 42 41 44 48 53 59 63 66 68 70 73 72 73 75 77 77 76 78 81 84 85 85 85 85 83 81 79 79 79 80 83 87 92 95 96 97 98 100 100 99 97 95 94 94 94 93 94 95 98 99 101 103 104 106 108 112 114 116 117 117 117 115 114 114 115 114 113 113 113 113 112 110 111
33 34 34 34 35 33 33 32 31 30 31 33 34 35 37 37 39 40 42 42 40 42 46 50 55 60 64 69 72 75 76 76 76 77 77 77 77 78 80 83 86 87 86 85 82 79 76 73 74 79 85 91 96 98 98 99 100 100 98 97 95 94 94 93 93 92 95 97 99 103 106 108 109 112 114 117 120 119 119 118 115 114 115 116 115 114 113 112 113 112 110 110
