kuenm_practice/Projection_variables/cc_rcp45/bio_1.asc
NCOLS 360 
NROWS 210 
XLLCORNER -125 
YLLCORNER 20 
CELLSIZE 0.166666666666667 
NODATA_value -32768 
[rows 78 to 116 of 210, columns 0 to 87 of 360]
-32768 -32768 -32768 -32768 134 125 116 112 89 106 101 101 93 106 113 121 91 93 97 104 106 108 101 100 96 90 92 104 83 95 91 93 90 81 84 90 104 111 110 80 93 85 96 107 93 79 82 93 96 96 95 89 89 78 67 73 73 63 62 64 75 91 94 80 88 97 81 82 82 66 87 110 113 105 98 95 100 100 113 79 54 69 69 62 60 52 53 56
-32768 -32768 -32768 -32768 134 126 117 96 97 124 105 106 105 102 123 124 82 85 94 98 101 109 106 102 97 95 96 102 88 108 89 92 87 87 82 88 99 94 101 96 110 93 108 109 76 79 83 91 96 98 97 95 91 66 75 71 66 50 58 81 78 84 81 86 87 82 90 76 96 106 111 120 118 113 104 105 108 108 118 80 67 61 64 66 59 59 62 66
-32768 -32768 -32768 -32768 -32768 127 114 97 114 104 82 84 118 106 113 128 97 77 86 81 71 99 107 100 96 97 99 100 87 112 90 96 89 88 85 85 90 92 110 121 115 110 119 99 85 92 92 97 98 98 96 95 88 76 66 74 73 72 78 69 82 85 82 95 86 86 101 88 109 112 117 121 123 120 108 120 121 114 101 82 71 53 64 65 58 62 69 74
-32768 -32768 -32768 -32768 -32768 127 124 109 116 122 90 85 100 104 83 106 62 74 88 95 101 105 106 100 100 103 105 101 75 113 93 94 89 96 97 94 94 128 127 105 122 121 121 96 106 109 108 103 92 93 89 83 84 83 74 80 82 73 83 77 77 87 94 89 94 101 112 114 122 124 116 119 126 126 123 120 128 124 80 69 63 53 65 69 62 65 72 77
-32768 -32768 -32768 -32768 -32768 126 123 123 129 107 120 99 75 84 80 85 109 114 102 100 110 108 105 105 100 83 97 100 74 99 88 90 93 95 106 107 121 130 113 99 124 118 115 106 118 106 103 103 84 95 99 90 89 84 85 88 86 84 90 89 82 81 89 83 100 100 113 124 126 125 128 128 129 130 131 125 132 132 101 92 70 65 67 69 68 66 70 75
-32768 -32768 -32768 -32768 -32768 127 123 125 118 96 100 97 73 103 101 112 125 119 121 102 115 120 107 106 97 88 85 88 77 84 106 97 92 93 95 129 126 130 110 122 125 120 119 114 119 107 112 115 106 103 101 99 84 93 89 84 93 92 93 82 86 88 80 91 95 94 124 126 129 127 131 130 127 133 134 135 136 135 109 94 81 77 74 69 67 61 55 58
-32768 -32768 -32768 -32768 133 133 125 115 131 119 100 97 87 125 118 154 148 146 131 108 118 112 105 96 87 85 90 86 92 87 92 104 96 107 125 131 131 129 117 122 123 118 120 114 96 113 119 118 112 109 106 109 103 98 95 97 99 100 85 70 93 95 84 97 105 119 126 122 131 131 132 124 129 131 136 137 136 138 128 79 85 85 76 59 51 41 35 32
-32768 -32768 -32768 -32768 132 132 127 104 120 118 121 126 126 131 138 169 175 169 133 94 87 102 86 83 81 87 82 88 87 94 98 100 111 110 129 123 122 118 108 118 118 123 107 118 94 110 110 115 113 105 115 113 105 111 105 104 102 87 77 90 99 99 95 101 96 122 131 132 132 132 133 131 123 135 135 139 135 134 131 94 78 84 68 45 34 24 17 13
-32768 -32768 -32768 126 130 131 124 119 106 122 118 120 128 119 155 185 188 182 153 105 85 82 78 80 81 90 91 99 105 103 111 128 126 130 115 113 108 105 112 118 116 114 102 113 110 100 107 103 120 111 111 115 110 103 104 107 94 56 96 95 91 83 91 103 92 127 132 132 132 133 134 130 119 133 107 135 112 114 129 77 57 86 75 55 42 34 38 45
-32768 -32768 -32768 123 119 123 135 126 111 112 112 113 124 157 179 186 189 184 164 120 79 78 78 84 86 90 105 110 113 98 111 132 108 126 111 121 120 118 108 118 107 117 123 101 105 112 119 120 99 99 116 116 107 108 95 109 90 85 101 98 95 97 99 103 92 118 130 131 132 133 133 127 121 128 88 122 82 106 120 105 80 90 59 48 58 67 67 81
-32768 -32768 -32768 126 123 123 130 138 126 115 113 105 112 159 177 184 189 184 168 131 99 89 99 97 91 85 88 113 122 121 121 128 128 117 122 112 131 112 116 125 112 114 128 112 114 110 108 117 100 113 114 100 111 108 101 110 83 102 92 90 82 101 93 98 97 106 113 127 131 133 134 134 128 126 108 120 115 116 116 127 86 77 60 58 72 82 89 96
-32768 -32768 -32768 -32768 124 121 132 134 137 127 120 95 91 122 171 183 188 187 175 148 115 85 106 104 108 98 90 86 96 117 116 110 139 121 116 112 129 114 129 125 127 127 115 132 129 112 118 110 112 105 105 108 113 102 108 106 89 100 91 96 79 97 98 90 99 105 100 116 130 133 131 134 133 121 107 112 112 115 125 126 104 86 65 56 59 77 84 93
-32768 -32768 -32768 -32768 -32768 130 131 131 121 134 127 114 101 112 168 180 185 186 182 162 137 112 104 102 109 95 82 88 83 100 108 103 129 134 122 121 125 130 132 133 132 110 137 141 124 121 113 115 109 111 108 96 95 106 108 97 92 95 94 95 89 102 85 83 105 102 78 118 130 132 131 123 128 113 107 96 107 107 124 87 81 76 68 60 57 62 66 76
-32768 -32768 -32768 -32768 -32768 -32768 137 129 125 130 141 132 108 124 163 177 181 182 181 178 167 146 120 109 97 89 97 98 102 98 98 115 113 108 121 125 130 135 136 136 122 140 139 108 113 111 106 109 88 112 97 100 100 108 108 102 92 103 92 92 82 101 87 102 93 83 82 122 123 119 127 115 117 126 125 121 119 110 119 84 78 73 52 57 74 76 76 76
-32768 -32768 -32768 -32768 -32768 -32768 -32768 131 129 130 129 127 105 114 161 174 179 180 180 181 179 166 142 126 118 107 83 85 82 81 102 121 113 115 128 134 137 137 138 133 108 139 91 112 111 97 110 106 99 93 104 110 109 104 100 101 100 101 87 97 91 98 85 111 96 101 121 115 120 125 122 114 123 128 129 130 120 123 118 80 98 85 47 62 98 108 108 90
-32768 -32768 -32768 -32768 -32768 -32768 -32768 129 133 133 137 132 138 111 157 169 177 178 180 182 184 174 152 144 132 121 85 68 76 84 75 116 108 116 127 134 137 138 138 121 124 119 107 90 95 102 114 92 112 109 100 93 107 87 94 105 101 86 92 80 90 94 72 116 80 110 126 115 129 125 106 119 125 128 129 131 106 121 114 82 107 58 50 71 104 113 116 117
-32768 -32768 -32768 -32768 -32768 -32768 -32768 129 134 136 146 146 137 127 145 164 176 177 179 181 184 181 169 150 141 134 104 84 74 80 77 110 119 116 127 128 128 135 134 132 132 118 112 88 98 93 95 89 117 99 94 88 98 100 108 99 89 75 95 83 87 81 72 115 70 100 128 112 124 113 115 124 128 127 128 129 102 104 112 104 79 47 70 99 113 109 108 125
-32768 -32768 -32768 -32768 -32768 -32768 -32768 128 129 137 140 141 152 146 152 158 172 177 180 183 184 183 176 164 158 146 122 96 75 88 85 116 103 100 124 129 129 130 133 115 119 114 112 98 80 87 77 118 99 81 97 77 80 102 93 106 103 77 88 98 76 91 96 104 100 126 127 119 108 116 123 130 125 129 130 132 114 86 109 111 62 51 79 112 117 115 116 128
-32768 -32768 -32768 -32768 -32768 -32768 -32768 132 128 133 136 150 142 143 153 155 164 174 180 182 183 183 181 173 166 156 134 109 74 74 76 118 101 106 120 126 110 137 130 134 143 132 126 93 87 72 85 119 85 93 79 91 86 97 99 111 114 73 96 109 85 85 96 110 66 120 118 121 109 118 128 126 115 129 132 130 84 81 114 96 78 74 103 113 110 108 112 134
-32768 -32768 -32768 -32768 -32768 -32768 -32768 -32768 132 135 137 148 155 143 154 161 165 174 179 180 181 182 182 177 169 163 150 121 94 68 64 101 91 106 112 115 106 131 120 114 121 131 118 104 85 69 79 109 62 93 67 97 93 100 105 106 128 109 104 114 86 83 105 113 90 120 116 111 112 123 130 123 121 121 121 103 76 110 93 68 53 84 115 121 109 109 122 139
-32768 -32768 -32768 -32768 -32768 -32768 -32768 -32768 -32768 134 135 142 154 158 154 161 166 170 179 177 177 179 181 179 172 165 155 122 91 72 63 69 86 93 83 82 102 101 140 121 122 106 109 107 109 98 108 95 88 89 93 99 108 114 106 128 133 97 110 119 93 96 109 107 115 116 102 123 108 126 108 119 121 108 95 82 98 75 66 53 57 84 121 122 129 132 133 134
-32768 -32768 -32768 -32768 -32768 -32768 -32768 -32768 -32768 -32768 135 142 148 154 154 161 163 167 176 175 175 176 178 180 177 167 158 142 112 84 77 61 50 67 60 86 95 77 114 106 111 128 98 116 123 130 116 106 98 86 110 99 127 116 123 137 124 94 121 124 105 105 112 105 102 113 99 116 103 122 106 117 113 89 86 45 88 65 78 70 79 74 121 137 140 142 139 132
-32768 -32768 -32768 -32768 -32768 -32768 -32768 -32768 -32768 -32768 -32768 143 145 150 156 161 163 168 171 173 174 174 175 179 180 173 163 150 128 113 78 55 46 51 80 62 71 75 94 104 108 134 118 120 127 138 112 118 104 109 121 110 133 124 134 128 95 114 125 122 112 116 113 100 102 102 96 105 95 109 117 124 109 108 93 49 93 80 73 64 71 85 116 141 140 138 141 137
-32768 -32768 -32768 -32768 -32768 -32768 -32768 -32768 -32768 -32768 -32768 140 143 147 153 160 162 165 169 172 174 174 174 178 180 172 168 161 144 118 91 70 49 39 50 82 91 80 91 104 107 127 138 120 134 130 122 129 123 120 123 110 120 133 126 91 114 129 129 119 127 129 117 119 109 102 102 99 107 118 123 110 100 96 86 77 75 69 74 49 41 44 99 132 120 99 141 145
-32768 -32768 -32768 -32768 -32768 -32768 -32768 -32768 -32768 -32768 -32768 139 141 145 151 159 158 162 165 171 176 177 179 181 182 179 174 168 158 143 131 100 70 50 32 81 79 83 95 89 88 126 129 132 130 130 135 136 135 134 118 100 116 127 123 127 120 124 133 121 131 137 114 127 122 103 106 115 118 123 124 121 114 102 72 91 60 70 58 63 89 108 122 126 132 109 142 152
-32768 -32768 -32768 -32768 -32768 -32768 -32768 -32768 -32768 -32768 -32768 -32768 -32768 -32768 151 153 160 160 164 168 173 178 180 182 182 182 180 175 163 152 137 106 82 52 26 57 74 73 86 98 56 130 102 108 151 127 128 133 130 131 133 119 116 129 130 143 122 119 135 139 130 138 127 135 119 114 117 118 119 114 122 122 81 57 66 84 69 77 64 96 118 130 137 132 146 151 146 159
-32768 -32768 -32768 -32768 -32768 -32768 -32768 -32768 -32768 -32768 -32768 -32768 -32768 -32768 143 146 156 163 164 163 162 170 179 182 183 183 183 181 174 163 153 127 84 55 68 62 51 74 97 135 45 97 121 119 126 125 136 142 144 129 136 137 129 122 136 131 127 122 149 140 138 126 132 130 121 118 113 116 114 105 116 88 66 51 74 77 71 105 100 93 111 134 144 147 145 166 163 151
-32768 -32768 -32768 -32768 -32768 -32768 -32768 -32768 -32768 -32768 -32768 -32768 -32768 -32768 -32768 143 150 162 167 159 156 160 172 181 183 183 183 182 181 173 168 154 117 100 110 72 44 27 119 149 91 82 132 118 103 136 144 148 141 137 141 137 131 121 144 121 146 141 149 142 143 124 137 127 121 133 125 127 111 87 132 92 98 86 89 83 87 113 119 122 124 125 134 157 159 165 162 148
-32768 -32768 -32768 -32768 -32768 -32768 -32768 -32768 -32768 -32768 -32768 -32768 -32768 -32768 -32768 142 144 150 163 165 156 161 169 180 183 184 183 183 184 182 180 170 159 131 99 62 51 24 53 104 134 108 146 152 157 135 135 166 158 140 136 122 115 137 154 153 144 155 145 164 143 142 154 159 148 161 155 157 143 150 162 147 125 120 116 114 111 124 137 138 143 148 153 134 167 166 162 165
-32768 -32768 -32768 -32768 -32768 -32768 -32768 -32768 -32768 -32768 -32768 -32768 -32768 -32768 -32768 143 143 148 151 157 164 162 167 177 182 183 183 184 184 185 185 182 180 160 118 77 64 30 30 56 151 87 126 167 163 175 154 148 169 167 154 137 142 163 154 149 140 160 167 162 168 169 178 170 176 182 163 165 188 182 159 151 130 122 130 132 128 130 150 154 164 170 172 163 151 154 150 158
-32768 -32768 -32768 -32768 -32768 -32768 -32768 -32768 -32768 -32768 -32768 -32768 -32768 -32768 -32768 -32768 148 150 154 155 160 166 160 167 175 182 183 184 185 186 187 188 187 181 173 144 101 77 52 35 150 101 155 165 136 170 188 136 164 175 167 159 149 169 172 152 163 166 168 157 190 182 185 160 193 201 197 166 172 172 159 152 146 138 152 144 128 119 127 132 167 169 166 159 149 138 138 142
-32768 -32768 -32768 -32768 -32768 -32768 -32768 -32768 -32768 -32768 -32768 -32768 -32768 -32768 -32768 -32768 -32768 -32768 -32768 153 155 155 162 155 160 174 182 185 186 187 188 189 190 189 182 158 111 90 73 27 123 154 143 211 169 149 238 214 182 193 194 190 179 177 177 167 174 169 140 143 193 204 211 207 212 205 167 144 145 159 155 154 148 154 148 128 98 114 126 146 150 141 146 147 145 136 123 130
-32768 -32768 -32768 -32768 -32768 -32768 -32768 -32768 -32768 -32768 -32768 -32768 -32768 -32768 -32768 -32768 -32768 -32768 144 147 151 154 153 153 156 165 175 184 187 188 189 189 189 190 189 180 156 104 49 31 50 157 133 144 155 157 224 228 247 196 202 204 197 187 170 179 183 175 119 137 191 211 216 223 211 159 176 166 145 152 144 145 147 150 148 109 80 99 146 146 127 131 134 135 130 134 129 124
-32768 -32768 -32768 -32768 -32768 -32768 -32768 -32768 -32768 -32768 -32768 -32768 -32768 -32768 -32768 -32768 -32768 -32768 136 135 138 150 159 159 148 146 151 178 187 189 190 189 189 190 191 192 184 125 53 59 49 110 176 141 160 198 158 170 254 212 187 209 203 185 135 125 144 182 173 167 203 207 206 227 213 202 204 158 137 147 130 134 139 144 162 123 78 83 135 131 126 137 136 133 139 133 130 129
-32768 -32768 -32768 -32768 -32768 -32768 -32768 -32768 -32768 -32768 -32768 -32768 -32768 -32768 -32768 -32768 -32768 -32768 142 132 127 141 156 162 158 144 147 168 188 192 192 190 189 190 191 192 182 142 88 92 70 103 157 126 156 194 186 131 239 214 186 208 195 194 173 113 110 163 202 210 211 206 216 228 194 202 211 154 137 150 159 155 163 160 142 146 125 85 125 134 138 144 143 143 144 137 132 126
-32768 -32768 -32768 -32768 -32768 -32768 -32768 -32768 -32768 -32768 -32768 -32768 -32768 -32768 -32768 -32768 -32768 -32768 -32768 144 130 130 145 155 163 156 152 173 188 193 194 192 191 191 193 195 196 168 110 108 84 101 164 149 138 168 220 128 222 231 171 192 202 190 193 176 147 175 204 215 217 228 215 231 218 218 188 157 143 154 172 136 135 134 140 122 137 101 137 135 148 156 153 146 144 137 132 132
-32768 -32768 -32768 -32768 -32768 -32768 -32768 -32768 -32768 -32768 -32768 -32768 -32768 -32768 -32768 -32768 -32768 -32768 -32768 -32768 -32768 134 143 151 157 162 157 157 165 187 192 192 191 193 195 198 199 172 119 112 101 107 163 191 167 169 213 169 206 240 219 201 219 196 193 192 167 167 195 198 217 222 215 213 203 188 155 171 167 158 158 118 127 131 133 131 118 105 100 112 139 163 156 139 136 137 135 133
-32768 -32768 -32768 -32768 -32768 -32768 -32768 -32768 -32768 -32768 -32768 -32768 -32768 -32768 -32768 -32768 -32768 -32768 -32768 -32768 -32768 140 143 144 154 162 165 164 167 180 188 190 191 192 195 199 200 172 126 154 142 141 168 202 201 202 204 203 205 206 235 233 228 210 170 188 198 187 196 204 206 223 215 203 181 191 162 158 171 177 151 124 125 130 133 133 127 119 111 115 142 160 164 151 144 140 140 138
-32768 -32768 -32768 -32768 -32768 -32768 -32768 -32768 -32768 -32768 -32768 -32768 -32768 -32768 -32768 -32768 -32768 -32768 -32768 -32768 -32768 -32768 151 149 147 155 163 164 163 168 180 187 190 192 196 200 202 171 151 152 155 140 179 195 198 208 201 203 187 198 208 208 228 226 199 191 171 201 175 174 194 224 217 199 180 194 190 155 153 155 140 134 124 121 130 131 128 121 111 116 131 152 164 156 152 148 144 138
