kuenm_practice/Projection_variables/cc_rcp45/bio_12.asc
NCOLS 360 
NROWS 210 
XLLCORNER -125 
YLLCORNER 20 
CELLSIZE 0.166666666666667 
NODATA_value -32768 
[rows 76 to 113 of 210, columns 85 to 169 of 360]
407 394 328 253 239 232 226 223 232 247 268 296 299 287 276 271 265 272 301 305 297 339 315 310 342 383 366 362 370 389 424 445 427 374 349 352 355 354 364 374 385 401 414 420 431 442 450 452 455 453 446 447 456 468 484 503 525 535 530 527 525 528 543 563 585 593 592 591 594 593 588 583 582 586 589 591 592 590 587 595 616 645 667 690 713
347 335 283 231 212 206 211 214 219 237 267 280 263 249 244 239 237 245 259 273 271 287 319 320 335 365 346 347 341 360 383 402 409 362 341 350 370 368 366 373 385 393 400 415 424 430 435 435 438 436 429 426 443 460 476 496 513 524 525 526 529 536 548 562 584 591 587 586 586 588 583 582 586 591 597 603 607 616 624 626 636 664 680 695 712
313 289 262 217 202 197 197 208 219 233 248 252 236 226 221 221 224 231 243 252 272 288 299 298 311 327 324 314 323 338 359 379 384 364 364 374 386 374 376 386 395 393 387 400 417 433 439 438 436 432 427 426 438 453 469 486 501 511 517 522 528 537 549 564 576 579 582 583 583 580 583 583 593 601 609 616 627 640 649 650 655 678 695 705 717
284 264 236 214 202 200 199 210 226 223 228 237 227 228 215 213 213 226 252 258 275 293 284 293 308 335 338 327 330 334 348 366 377 377 395 396 407 409 402 406 414 411 407 406 408 416 431 446 445 436 432 432 440 453 467 480 490 501 511 520 527 536 548 562 574 581 584 586 584 580 579 590 598 608 617 630 640 653 662 666 675 697 713 724 729
282 244 222 207 201 201 203 212 231 223 217 224 226 219 222 232 226 228 259 282 330 309 302 298 309 403 394 419 357 339 339 361 400 385 393 401 408 414 419 426 436 426 419 423 426 426 429 434 442 448 443 440 446 454 465 475 481 488 499 511 521 532 547 561 575 581 584 582 584 584 590 595 606 619 626 633 648 660 671 676 687 703 717 731 744
283 246 228 212 215 212 211 223 231 245 265 241 246 251 239 245 245 246 265 296 347 363 362 329 326 424 541 607 445 350 336 352 415 394 400 405 411 417 426 439 454 446 441 442 440 446 455 462 460 448 445 441 446 452 461 469 474 479 488 502 515 528 543 556 568 578 577 578 585 592 601 616 613 619 626 637 650 663 671 680 688 701 713 736 759
305 282 253 230 230 232 227 226 257 279 287 266 273 279 257 251 258 280 284 312 361 404 506 438 381 420 544 591 456 378 352 363 439 409 400 403 405 410 411 415 425 428 433 435 435 440 446 456 463 463 462 453 446 448 454 458 463 467 478 493 505 520 536 555 566 567 571 580 587 597 611 625 624 618 617 631 649 665 679 693 701 712 730 748 772
374 394 363 320 285 265 247 242 277 310 310 317 283 284 278 281 288 290 309 331 369 419 486 557 543 521 536 581 535 436 397 411 422 418 408 399 401 400 392 391 402 412 419 427 432 434 440 449 459 463 456 448 448 451 458 463 462 466 480 492 498 511 525 545 557 569 573 576 581 597 612 626 626 622 622 633 653 673 689 697 701 708 725 738 761
542 551 547 494 438 381 293 281 296 286 291 334 299 281 305 305 295 325 350 371 438 467 500 555 629 617 620 638 617 541 544 465 401 398 391 391 390 384 375 376 388 390 399 402 410 427 432 438 442 448 450 446 450 454 463 472 474 472 483 499 510 521 529 536 545 556 566 573 578 594 613 628 634 633 636 645 668 681 691 695 694 703 716 730 742
679 685 686 624 600 565 479 424 362 335 314 270 275 300 294 310 330 375 405 420 508 534 557 549 621 642 657 705 646 639 625 475 407 392 385 385 376 373 367 362 367 367 374 386 399 409 416 431 444 453 453 449 445 449 458 470 476 481 489 506 517 519 528 542 552 556 560 569 581 598 614 627 636 648 659 667 676 686 691 694 700 711 724 738 749
632 573 501 457 376 353 337 289 261 285 299 314 322 321 307 326 348 388 422 440 450 484 536 543 627 588 588 630 618 696 701 615 483 409 388 377 371 366 361 358 361 364 371 381 390 401 427 439 439 444 447 447 442 441 452 464 479 494 508 514 522 520 524 538 549 563 570 578 591 602 613 627 642 657 670 675 681 688 699 708 718 727 737 751 766
426 398 305 265 222 202 216 216 211 240 333 333 349 324 327 357 385 399 438 471 495 497 514 527 566 555 561 623 622 724 774 604 459 415 392 373 368 362 358 353 351 357 364 371 380 400 423 427 427 433 440 444 442 443 455 472 491 502 517 522 520 522 531 538 550 562 571 581 595 603 616 632 643 654 668 677 684 693 710 724 733 739 745 757 777
346 290 244 214 187 177 181 190 209 233 260 306 304 302 326 359 436 469 469 511 530 548 542 507 538 525 484 564 613 591 724 681 469 422 394 380 376 370 363 355 351 349 350 363 381 400 411 410 414 426 437 444 446 452 462 477 497 513 522 523 521 521 530 544 560 569 571 572 584 596 613 628 640 655 672 687 695 705 718 734 744 752 761 770 781
365 320 269 227 199 182 180 188 205 229 253 265 290 360 360 362 401 437 486 547 570 614 637 500 508 531 424 434 516 485 679 751 495 434 404 392 387 382 373 370 363 360 357 364 382 398 404 407 413 422 433 444 448 453 463 475 495 513 527 531 530 531 538 552 566 573 573 572 574 584 600 614 630 648 670 689 705 717 731 747 759 768 772 783 792
434 412 360 294 247 200 200 212 228 243 283 309 325 420 380 394 450 475 498 537 611 657 608 464 426 445 473 479 540 655 705 678 535 461 427 405 400 395 388 383 374 375 367 367 382 398 401 407 413 422 433 443 448 457 461 477 504 522 533 534 532 533 538 547 560 570 572 576 583 593 603 614 633 659 681 696 707 714 737 759 770 779 785 786 796
361 367 374 318 257 222 242 246 268 291 317 355 380 447 446 438 462 497 527 539 636 597 449 442 448 466 596 627 585 796 764 613 534 472 433 425 420 408 399 391 386 380 371 376 386 396 399 404 412 419 429 440 448 449 456 474 497 513 525 527 526 528 534 539 549 556 561 567 577 586 596 603 621 649 671 695 704 710 730 751 768 779 790 792 801
251 249 327 439 287 315 313 303 324 345 400 401 420 474 453 494 475 466 388 420 471 481 435 428 444 511 506 637 553 704 790 729 533 490 453 450 432 415 406 395 386 382 372 386 392 393 397 404 409 414 421 430 438 447 453 459 479 496 506 510 513 521 530 534 536 537 543 558 573 587 598 607 617 639 657 676 694 709 721 741 758 770 786 800 820
229 225 226 321 266 333 379 357 368 370 326 298 327 428 402 373 365 516 461 436 465 422 425 508 524 632 618 641 716 663 569 602 471 477 473 460 442 429 414 400 390 383 385 391 391 392 397 400 406 408 414 423 433 441 446 454 467 480 486 493 502 513 523 529 528 522 526 549 568 584 599 616 630 640 656 672 686 705 729 753 768 774 794 815 829
236 249 200 223 215 310 431 392 306 256 241 236 238 296 354 301 366 428 483 478 499 444 522 454 560 643 606 632 648 475 444 543 559 461 502 471 462 448 424 401 388 378 372 374 384 389 393 397 401 407 408 414 426 437 445 454 464 471 476 483 493 507 519 529 529 525 530 547 566 587 609 625 639 653 665 674 687 708 723 750 770 786 808 827 844
212 221 194 198 197 264 323 293 244 230 245 295 301 236 255 449 585 678 682 506 406 510 689 703 652 743 658 539 539 372 383 454 442 474 518 508 479 469 433 408 391 377 362 359 360 378 390 391 395 399 403 409 420 433 447 452 453 464 473 479 491 504 519 535 534 534 536 548 562 581 601 618 635 648 663 678 695 710 727 745 766 794 820 835 845
234 233 180 174 181 207 227 231 230 233 323 431 473 380 254 358 502 371 441 399 405 459 618 626 670 602 703 559 437 365 376 410 433 485 605 508 448 444 413 405 373 355 347 346 348 355 367 372 376 388 394 400 411 428 444 446 447 453 463 476 489 498 511 521 523 533 537 549 563 582 602 621 639 653 670 690 700 713 729 746 768 804 840 845 855
238 207 169 176 183 212 225 239 254 279 308 388 505 460 353 248 224 259 322 382 537 588 579 540 565 630 695 578 318 411 442 431 437 470 637 559 415 406 382 375 351 334 328 338 340 346 353 358 361 375 386 391 403 418 432 442 445 451 462 473 485 495 505 515 519 521 529 543 558 578 600 623 641 657 674 692 703 715 733 760 796 826 855 862 859
173 178 188 196 200 230 255 236 297 486 437 336 427 543 438 350 272 267 397 427 555 534 504 377 478 543 647 614 310 373 434 422 391 411 473 448 394 367 346 342 326 313 308 322 324 341 348 356 358 357 370 383 394 405 413 422 433 445 463 482 493 504 513 522 524 525 532 543 561 582 606 627 642 656 675 690 697 709 738 776 822 857 856 862 853
151 167 198 218 211 226 228 267 311 548 446 333 324 424 524 549 441 330 378 472 470 406 388 437 403 418 478 624 436 431 328 344 370 373 362 371 368 343 320 310 297 291 289 306 311 326 342 350 354 353 358 379 389 397 403 414 425 439 456 475 491 500 510 519 521 525 532 546 563 585 605 625 640 652 669 689 705 723 745 781 815 830 831 846 849
171 169 192 242 236 218 230 294 314 366 367 332 346 323 366 497 589 540 445 592 652 501 482 609 503 576 532 503 449 342 537 369 391 463 404 365 344 320 302 285 281 280 283 296 306 318 334 343 347 355 361 374 387 396 403 411 422 435 448 463 480 494 506 513 522 533 540 550 566 586 605 624 638 652 671 693 711 729 749 776 801 814 821 832 843
324 178 180 227 236 255 271 300 335 359 376 342 350 377 440 495 572 652 604 767 850 712 651 745 635 541 457 350 274 262 463 582 402 532 527 427 370 344 315 295 280 281 286 295 302 313 321 326 342 357 364 369 380 389 400 410 421 432 443 454 472 489 502 514 530 541 549 564 577 590 606 621 634 651 674 697 716 734 753 772 790 810 824 838 844
292 189 167 208 273 339 380 420 442 378 378 410 400 412 535 668 727 733 880 928 918 807 882 846 843 796 536 305 229 237 265 583 469 453 582 474 403 380 355 315 294 291 293 301 312 317 326 336 352 363 371 376 382 389 395 401 414 425 439 453 469 492 515 527 534 548 563 577 590 599 609 623 639 656 676 698 716 735 753 769 784 806 826 847 854
164 183 158 209 294 393 399 383 408 353 357 374 455 528 571 685 778 851 867 926 913 777 679 686 684 538 366 246 216 220 239 302 469 390 421 437 411 407 396 343 316 306 312 315 320 329 340 353 367 375 378 382 387 388 392 400 411 427 443 458 475 498 520 534 542 560 575 586 595 603 612 628 644 661 680 701 717 731 748 762 769 797 833 859 868
133 144 182 220 263 338 324 286 304 297 325 360 402 482 542 661 753 734 747 916 909 808 891 960 773 729 511 278 214 210 222 364 611 476 434 425 424 416 389 355 344 331 326 326 339 350 360 371 377 379 381 386 389 387 388 392 409 432 450 467 485 503 521 534 546 564 583 598 602 605 618 634 649 666 684 702 718 725 737 753 764 791 832 861 873
135 147 195 202 234 292 250 237 252 258 281 314 365 380 463 572 799 651 660 692 720 598 683 686 864 948 791 416 231 211 220 248 318 518 515 513 441 403 376 356 345 331 340 359 371 377 382 385 384 379 382 386 390 392 398 403 419 437 454 471 487 506 520 525 542 564 579 593 603 610 614 627 646 667 689 706 720 725 741 758 776 796 825 851 870
132 149 149 174 218 224 210 214 225 233 251 297 367 395 445 466 517 482 513 529 583 560 525 536 809 958 737 442 266 226 243 267 345 634 628 455 437 417 364 345 343 348 363 388 396 395 393 392 389 385 387 391 396 401 411 419 434 449 460 471 490 507 520 529 537 555 569 580 595 612 616 630 643 659 685 707 722 731 745 765 788 803 828 854 871
162 184 171 183 211 189 204 218 236 247 229 243 260 321 360 382 384 398 435 416 467 490 494 532 633 847 769 540 325 263 268 286 402 692 542 438 415 411 487 392 359 377 388 408 398 388 386 388 390 390 393 397 405 415 423 431 443 456 467 477 488 504 514 526 533 544 563 581 593 606 610 618 641 659 682 703 725 736 752 771 794 815 840 861 877
211 228 227 198 215 200 209 221 247 270 257 219 228 257 294 290 307 326 374 386 394 455 495 505 550 555 769 617 443 315 294 343 563 672 467 455 457 451 445 509 463 433 397 384 373 374 378 383 384 388 397 407 417 426 429 433 443 456 467 478 492 503 517 530 536 551 572 590 593 605 617 625 639 659 683 704 722 739 757 776 797 818 847 866 879
222 288 272 223 210 208 210 223 250 336 310 223 213 214 225 238 242 271 301 347 372 449 473 514 498 444 682 668 494 351 329 422 658 606 449 417 412 387 362 413 447 448 415 393 384 384 386 391 397 406 416 419 421 424 423 424 438 451 464 474 488 504 517 531 540 552 571 583 587 595 608 629 644 666 687 702 720 744 769 786 804 821 846 868 882
227 263 293 305 230 221 222 216 238 309 270 245 216 210 226 245 239 262 286 315 341 405 428 458 422 406 564 626 452 356 324 483 729 554 456 402 374 355 368 432 439 421 409 394 390 385 383 389 397 407 414 419 422 422 422 425 437 452 463 479 495 509 527 538 547 551 559 571 586 605 614 625 650 667 688 709 726 751 775 795 815 827 842 865 881
228 252 264 311 317 297 238 215 245 307 437 289 219 204 216 247 247 271 276 298 307 361 409 452 444 422 456 503 356 339 325 377 565 577 547 394 374 368 371 391 392 396 400 387 380 377 378 382 392 404 414 419 423 425 428 433 446 460 474 489 497 510 528 545 548 549 551 566 584 603 623 634 646 665 683 708 724 750 773 798 818 829 843 865 884
212 239 270 284 312 321 255 223 277 330 405 370 217 200 207 218 229 254 267 291 286 326 375 430 514 376 326 310 295 314 395 507 669 574 487 416 392 381 373 379 385 381 380 381 374 373 373 374 389 406 416 421 427 431 433 441 452 465 480 489 496 503 517 531 543 547 555 584 604 618 631 652 664 676 687 706 724 737 763 792 821 838 849 870 887
216 237 246 270 280 280 246 231 281 336 344 435 282 200 206 214 225 238 245 258 287 308 352 519 656 619 607 390 283 349 498 700 573 481 440 425 407 401 385 390 388 386 375 369 374 372 371 375 391 408 418 424 429 433 440 447 458 475 485 493 499 506 521 538 556 561 581 599 615 638 651 667 681 688 701 715 731 750 771 793 822 841 856 872 886
