kuenm_practice/Projection_variables/cc_rcp45/bio_1.asc
NCOLS 360 
NROWS 210 
XLLCORNER -125 
YLLCORNER 20 
CELLSIZE 0.166666666666667 
NODATA_value -32768 
[rows 39 to 77 of 210, columns 264 to 351 of 360]
36 36 35 34 36 36 36 37 39 39 40 39 40 38 38 38 38 37 34 33 34 34 35 35 33 31 33 34 35 35 35 35 35 35 34 34 33 33 33 32 32 32 32 30 29 31 33 36 38 41 43 46 48 50 50 50 49 49 51 52 53 51 46 42 35 35 40 41 44 50 53 -32768 56 54 51 49 44 43 42 34 41 45 44 41 38 37 40 37
38 36 36 35 37 37 38 39 40 41 41 41 42 41 40 40 39 38 37 36 35 36 36 36 37 36 36 35 35 35 35 36 36 36 35 35 34 33 33 33 32 31 33 32 32 34 36 38 43 43 44 45 46 45 44 43 43 44 45 47 50 47 45 43 47 48 50 48 49 53 -32768 55 51 49 49 46 42 41 38 40 41 44 46 43 41 41 46 48
38 38 37 38 39 40 41 42 43 43 44 44 43 42 41 41 40 40 38 37 36 37 37 37 37 35 36 35 34 35 36 36 37 37 37 35 33 32 33 32 31 32 35 35 34 37 41 44 46 47 46 45 46 44 44 43 38 36 34 37 39 39 39 33 36 44 49 51 54 59 56 53 45 47 48 46 42 42 41 41 42 40 44 48 47 51 53 59
38 38 40 41 43 43 46 46 46 45 46 45 44 45 44 43 42 41 39 38 38 38 38 37 37 37 38 39 39 38 38 39 39 39 37 35 33 35 34 33 33 35 37 38 38 42 45 48 50 52 50 47 46 45 42 41 34 30 27 23 28 30 30 35 35 44 50 53 60 57 52 50 49 50 47 44 40 42 43 42 42 44 48 50 54 52 51 54
41 42 42 44 45 46 48 51 52 49 48 48 47 46 45 44 44 43 42 41 40 40 38 38 39 40 41 42 42 40 40 41 41 41 39 36 36 35 34 33 34 35 38 37 41 44 48 49 51 53 52 49 47 45 44 39 33 28 27 24 26 28 31 49 47 44 53 61 58 53 47 46 52 52 50 47 44 42 41 44 47 49 45 46 52 52 49 47
43 43 42 43 46 49 50 54 56 55 52 50 48 48 47 45 44 44 43 42 42 41 41 41 42 43 43 42 40 42 42 42 43 44 43 42 41 37 36 36 37 38 40 39 42 47 50 51 52 55 50 49 50 46 44 37 32 29 27 26 28 32 50 51 52 62 65 60 54 46 47 48 51 52 52 50 49 47 46 48 51 49 45 49 49 49 51 49
44 42 43 45 48 51 52 53 58 57 55 52 49 46 45 45 45 45 44 44 44 43 44 44 45 45 45 44 44 45 45 44 45 46 44 44 42 40 40 40 40 39 42 43 43 48 50 52 52 57 53 53 52 50 44 39 36 36 31 28 28 33 52 58 57 66 62 55 48 45 49 52 51 51 51 55 55 53 51 53 51 49 50 51 47 47 47 46
46 47 47 48 53 53 52 53 54 59 56 53 51 48 47 46 46 46 45 45 45 44 45 45 46 46 47 47 46 47 47 46 48 48 47 46 46 45 43 42 42 41 43 45 46 47 48 53 58 56 55 55 55 49 44 42 40 41 38 38 36 46 47 70 67 60 57 49 46 49 52 51 51 53 55 56 58 58 57 55 53 53 53 52 48 43 41 47
50 52 54 55 55 56 56 57 57 59 57 56 53 51 50 49 49 49 48 48 46 46 47 47 47 47 48 48 49 49 51 52 54 52 51 50 48 47 44 41 41 42 45 46 46 47 50 53 58 58 59 57 58 54 52 48 51 53 48 49 57 60 73 69 60 53 54 52 49 53 52 53 51 50 56 59 58 58 59 59 58 57 57 50 49 47 50 50
55 57 57 58 57 59 59 59 59 59 61 58 57 54 53 52 51 50 50 49 47 47 49 49 48 48 49 49 50 54 55 56 55 54 54 52 48 47 46 43 45 46 47 47 49 51 52 57 61 62 61 63 64 62 63 63 64 66 66 69 73 73 69 60 56 54 55 56 56 54 54 52 50 54 56 57 59 62 63 63 60 62 61 52 49 49 53 55
60 62 62 63 62 61 62 62 61 61 60 61 59 56 55 54 52 51 51 51 50 51 52 52 52 52 51 54 55 56 58 57 52 57 56 54 50 49 47 45 46 49 51 51 48 52 54 58 60 66 67 70 70 71 71 72 71 73 75 74 72 67 62 57 52 55 56 57 56 55 55 50 51 55 57 59 60 65 65 65 61 60 56 53 55 53 57 60
66 65 66 66 66 66 65 64 63 61 62 63 61 59 55 55 54 53 53 54 53 55 56 57 56 54 54 57 57 59 60 57 57 59 57 56 55 56 51 50 51 50 49 49 50 53 59 62 67 71 72 74 76 76 75 74 73 72 72 72 67 64 56 49 56 58 58 56 55 56 54 52 54 55 57 59 60 63 65 65 63 57 59 58 58 58 62 64
70 70 70 70 70 70 69 69 66 63 63 62 62 63 58 56 55 54 55 58 57 59 60 61 60 60 58 60 59 62 62 61 61 61 57 60 61 61 53 49 50 52 53 51 55 61 65 69 74 76 77 78 78 75 74 73 72 71 69 65 65 61 61 58 59 58 57 54 55 58 58 55 56 58 59 60 60 60 65 68 68 65 58 61 62 63 66 68
73 73 73 74 73 73 73 73 73 71 69 67 66 64 62 61 60 60 61 62 61 60 63 64 64 64 62 62 63 64 66 63 63 60 60 64 63 64 58 55 54 57 58 60 66 70 72 78 80 81 80 79 77 76 74 72 68 65 60 59 66 66 64 62 58 55 57 54 59 60 60 59 61 62 61 59 61 62 67 69 70 68 66 65 65 68 70 69
75 76 76 75 75 75 74 73 71 70 67 63 63 60 58 58 58 60 63 66 69 71 68 68 68 68 65 64 65 68 68 67 65 64 65 67 67 66 67 60 61 61 64 69 75 78 81 82 82 81 80 79 78 76 73 66 63 62 61 63 66 66 66 61 54 56 54 56 60 61 60 57 54 63 63 63 66 65 69 68 71 69 71 70 72 71 73 72
78 79 78 77 76 76 75 72 69 68 64 63 62 61 60 59 60 62 64 67 71 75 78 76 74 74 69 69 70 71 70 68 69 66 67 71 71 71 70 64 66 70 73 79 82 83 84 84 83 82 81 79 78 76 71 65 61 65 65 64 62 63 63 60 54 56 58 60 61 61 62 57 48 63 69 69 68 70 70 71 71 72 73 73 75 75 78 79
80 81 80 79 78 77 75 73 71 69 66 62 61 61 61 60 59 60 63 68 69 74 78 80 79 79 76 73 71 72 73 71 74 72 73 76 75 75 73 73 74 80 83 85 87 87 86 86 85 83 82 79 77 74 70 68 64 66 63 61 58 61 60 54 54 57 59 62 60 58 61 64 70 71 73 71 71 72 72 72 71 72 73 74 75 77 80 79
82 83 83 82 80 79 77 75 73 72 70 65 62 62 62 61 61 61 63 66 73 77 78 80 81 81 81 80 78 77 76 78 80 82 83 84 85 85 85 86 86 86 88 89 90 89 88 87 87 85 82 79 75 74 72 66 68 65 61 58 60 57 57 59 59 57 59 62 63 56 56 62 71 73 74 74 74 74 73 74 75 75 75 76 77 77 79 78
84 84 84 84 84 82 79 77 74 73 73 70 67 65 63 63 63 63 65 68 70 70 72 77 80 81 81 83 83 83 84 85 86 86 86 87 87 86 87 87 87 89 91 91 92 92 90 89 87 85 79 76 72 73 74 71 68 61 59 54 58 57 47 53 58 58 64 60 63 65 67 71 74 75 77 76 76 73 74 75 78 78 78 78 78 76 77 76
86 86 86 86 86 85 82 80 78 75 75 73 72 70 68 66 65 65 67 71 73 73 75 75 77 80 80 81 82 82 84 86 87 88 88 88 87 88 89 90 90 91 92 92 92 92 92 91 88 85 80 74 74 75 73 69 63 58 52 50 47 48 57 61 62 62 63 63 67 73 75 76 77 78 79 77 78 77 78 79 81 81 81 81 82 80 79 80
88 88 88 88 88 87 85 82 81 78 76 75 74 74 73 71 69 70 71 73 73 73 74 76 77 78 79 82 83 84 86 87 88 89 89 88 89 91 91 91 91 91 90 91 92 92 93 93 88 81 76 75 77 75 66 63 60 60 56 52 55 54 56 54 58 65 70 68 72 77 77 79 81 82 82 79 79 78 79 80 81 82 83 83 83 83 82 83
89 90 90 89 89 88 88 86 84 82 80 79 78 78 77 75 74 74 75 75 76 76 78 79 80 81 83 84 85 86 87 88 89 90 89 89 91 92 92 90 86 81 78 84 90 93 94 92 86 82 71 75 78 71 62 60 60 60 52 59 59 61 56 61 67 75 79 79 81 81 83 84 86 86 86 82 81 80 81 82 83 83 83 84 84 84 -32768 -32768
90 90 91 91 91 89 88 88 88 86 84 84 82 82 81 80 79 79 79 79 80 81 81 82 83 84 85 85 87 88 89 89 90 91 89 89 89 88 85 77 74 70 70 76 87 94 95 89 84 76 71 72 73 67 64 64 65 55 61 67 62 59 62 70 74 77 84 86 87 87 87 86 89 89 86 86 85 84 83 83 83 84 84 84 82 83 -32768 -32768
91 87 89 91 92 92 90 87 85 88 88 87 86 85 84 84 83 84 84 85 85 86 87 87 86 87 87 88 89 91 91 92 92 91 90 87 83 78 73 72 70 70 75 80 89 95 96 90 83 72 79 76 68 70 68 65 73 63 71 65 61 73 76 79 80 84 86 91 93 91 87 88 91 91 89 90 89 86 87 86 85 85 85 -32768 83 84 -32768 -32768
89 85 84 81 84 91 92 90 90 91 91 89 88 88 87 87 87 87 88 89 90 90 90 89 90 90 89 91 92 93 94 94 93 91 87 83 77 74 73 71 71 71 67 82 84 93 97 90 79 77 72 75 69 76 75 74 76 64 67 67 71 80 78 84 87 89 91 94 94 91 91 93 94 94 92 93 91 90 89 88 86 -32768 -32768 -32768 -32768 -32768 -32768 -32768
90 85 82 79 79 87 92 91 92 93 93 91 91 91 88 89 90 89 90 93 94 95 94 94 93 93 93 94 95 95 95 94 92 88 85 78 74 72 72 72 70 65 63 70 82 94 97 88 72 78 80 75 72 79 79 75 63 57 50 66 80 82 87 87 91 93 95 96 96 95 94 93 96 96 95 94 92 -32768 -32768 -32768 -32768 -32768 -32768 -32768 -32768 -32768 -32768 83
90 85 82 80 80 84 93 94 94 94 92 92 94 92 90 92 92 90 93 94 97 97 96 95 96 97 97 97 97 97 96 93 90 86 81 73 70 69 70 69 67 62 55 66 80 96 97 86 70 73 75 71 76 83 74 66 59 62 73 80 89 87 90 92 95 95 96 97 98 98 98 97 98 97 96 95 95 -32768 -32768 -32768 -32768 -32768 -32768 -32768 -32768 -32768 -32768 -32768
88 85 83 82 82 84 89 94 95 97 99 102 103 102 101 100 100 100 101 101 101 100 99 98 99 99 100 100 99 98 93 85 87 86 78 70 68 68 69 67 70 71 71 81 83 97 98 88 71 76 80 75 80 81 76 73 72 69 80 85 87 88 92 93 97 98 99 99 99 99 99 99 99 -32768 -32768 -32768 -32768 -32768 -32768 -32768 -32768 -32768 -32768 -32768 -32768 -32768 -32768 -32768
89 87 86 86 86 87 94 99 103 105 107 109 109 108 106 105 104 104 104 104 104 103 103 102 102 102 102 102 102 97 86 77 75 85 79 71 69 68 65 63 71 72 82 87 84 98 97 92 74 77 79 81 86 80 78 82 83 85 81 88 90 92 94 97 99 100 100 100 100 -32768 -32768 -32768 100 -32768 -32768 -32768 -32768 -32768 -32768 -32768 -32768 -32768 -32768 -32768 -32768 -32768 -32768 -32768
91 90 91 92 92 92 98 103 108 111 112 112 111 110 109 108 107 107 107 107 107 107 106 106 106 105 105 105 104 99 89 81 76 80 82 74 68 65 63 70 70 73 83 89 92 99 99 91 85 73 80 87 85 83 81 86 86 88 89 88 92 95 99 102 102 -32768 -32768 -32768 -32768 -32768 -32768 -32768 -32768 -32768 -32768 -32768 -32768 -32768 -32768 -32768 -32768 -32768 -32768 -32768 -32768 -32768 -32768 -32768
93 93 93 95 96 98 101 109 112 112 113 113 113 113 112 111 110 110 110 110 110 110 110 110 109 109 107 105 104 101 97 91 86 84 83 80 74 70 71 75 80 76 85 91 99 102 98 87 82 78 84 89 86 86 87 90 91 89 90 93 97 100 103 105 -32768 -32768 -32768 -32768 -32768 -32768 -32768 -32768 -32768 -32768 -32768 -32768 -32768 -32768 -32768 -32768 -32768 -32768 -32768 -32768 -32768 -32768 -32768 -32768
95 96 97 99 101 103 106 111 112 113 113 114 114 113 111 110 108 108 110 111 112 112 111 111 111 110 108 108 107 106 103 101 100 98 93 88 82 78 77 75 87 87 89 98 104 100 93 84 79 81 88 91 86 85 92 96 97 96 94 98 102 104 105 -32768 -32768 -32768 -32768 -32768 -32768 -32768 -32768 -32768 -32768 -32768 -32768 -32768 -32768 -32768 -32768 -32768 -32768 -32768 -32768 -32768 -32768 -32768 -32768 -32768
98 98 100 102 104 105 106 106 107 108 110 110 110 111 110 107 106 107 108 110 111 111 111 111 112 111 110 108 108 108 104 102 100 100 98 95 95 95 88 89 94 93 98 104 105 101 92 82 77 86 89 92 87 87 95 97 99 101 101 104 106 107 107 -32768 -32768 -32768 -32768 -32768 -32768 -32768 -32768 -32768 -32768 -32768 -32768 -32768 -32768 -32768 -32768 -32768 -32768 -32768 -32768 -32768 -32768 -32768 -32768 -32768
101 101 103 103 104 106 106 107 107 108 109 110 110 110 107 103 102 102 106 110 108 107 109 109 112 112 108 103 101 99 95 88 91 90 88 88 89 97 101 100 101 100 105 108 106 102 97 77 78 84 94 92 92 88 95 98 103 105 106 108 110 109 110 -32768 -32768 -32768 -32768 -32768 -32768 -32768 -32768 -32768 -32768 -32768 -32768 -32768 -32768 -32768 -32768 -32768 -32768 -32768 -32768 -32768 -32768 -32768 -32768 -32768
104 105 105 105 107 109 109 109 109 110 111 111 110 105 101 97 93 97 106 105 100 98 105 106 111 111 103 99 95 94 91 87 91 88 89 86 88 85 92 95 97 99 109 111 104 94 94 83 84 88 95 96 91 92 92 101 106 109 112 113 114 114 113 -32768 -32768 -32768 -32768 -32768 -32768 -32768 -32768 -32768 -32768 -32768 -32768 -32768 -32768 -32768 -32768 -32768 -32768 -32768 -32768 -32768 -32768 -32768 -32768 -32768
108 109 109 110 111 111 112 112 112 112 113 111 106 98 94 93 89 96 99 102 94 95 96 104 108 103 108 100 98 95 94 89 91 89 90 89 89 85 84 90 90 91 105 111 104 93 88 86 89 95 102 96 96 93 95 104 108 112 114 116 116 115 114 -32768 -32768 -32768 -32768 -32768 -32768 -32768 -32768 -32768 -32768 -32768 -32768 -32768 -32768 -32768 -32768 -32768 -32768 -32768 -32768 -32768 -32768 -32768 -32768 -32768
110 111 112 113 114 114 114 115 114 111 104 101 101 96 90 89 90 95 90 95 92 95 97 99 104 97 102 100 96 98 98 96 93 92 91 90 86 85 82 87 87 100 104 112 105 96 94 88 93 96 107 98 100 97 98 106 110 113 115 119 119 -32768 -32768 -32768 -32768 -32768 -32768 -32768 -32768 -32768 -32768 -32768 -32768 -32768 -32768 -32768 -32768 -32768 -32768 -32768 -32768 -32768 -32768 -32768 -32768 -32768 -32768 -32768
112 113 114 115 116 117 116 111 105 102 99 99 94 90 88 87 89 92 89 89 93 94 97 96 99 100 96 99 100 100 100 98 95 92 89 86 85 82 81 82 82 88 111 113 102 98 94 91 98 106 111 107 103 101 102 108 111 115 117 119 120 119 -32768 -32768 -32768 -32768 -32768 -32768 -32768 -32768 -32768 -32768 -32768 -32768 -32768 -32768 -32768 -32768 -32768 -32768 -32768 -32768 -32768 -32768 -32768 -32768 -32768 -32768
115 115 115 116 117 113 106 103 100 102 102 98 95 90 90 91 89 88 91 87 90 95 98 100 101 103 101 102 102 103 101 98 96 93 90 88 86 85 77 82 89 99 115 110 104 97 97 95 100 114 118 110 103 104 106 108 112 115 116 118 119 119 119 -32768 116 114 -32768 -32768 -32768 -32768 -32768 -32768 -32768 -32768 -32768 -32768 -32768 -32768 -32768 -32768 -32768 -32768 -32768 -32768 -32768 -32768 -32768 -32768
