kuenm_practice/Projection_variables/cc_rcp45/bio_15.asc
NCOLS 360 
NROWS 210 
XLLCORNER -125 
YLLCORNER 20 
CELLSIZE 0.166666666666667 
NODATA_value -32768 
[rows 80 to 119 of 210, columns 92 to 183 of 360]
33 35 34 33 33 32 31 30 30 29 29 32 34 39 37 37 37 39 47 46 47 42 45 48 52 59 63 67 71 73 75 76 77 78 77 77 79 80 81 82 83 85 87 86 84 79 74 68 69 77 84 90 96 98 99 99 100 100 99 98 95 94 93 93 94 95 97 100 103 107 109 111 112 113 114 117 119 120 120 118 115 113 115 116 116 114 112 111 111 111 110 109
33 34 35 35 33 32 32 30 30 30 30 32 35 40 42 42 38 39 48 59 65 50 44 46 50 58 62 66 69 71 73 74 76 77 78 79 80 81 82 84 87 88 87 87 84 81 76 72 73 79 84 90 95 97 98 99 99 99 99 98 97 96 96 97 99 101 103 105 107 110 111 112 112 113 114 115 118 121 121 118 116 115 116 116 115 113 112 109 109 111 111 110
33 35 36 36 33 33 33 31 30 30 33 33 36 41 46 56 49 44 47 58 62 52 48 48 51 60 62 65 67 69 70 70 71 72 75 77 79 80 81 84 86 87 88 90 88 84 81 80 81 83 86 90 94 96 98 98 100 100 99 99 99 99 100 102 104 106 107 109 109 111 112 113 114 114 115 117 119 122 123 120 117 116 116 116 116 114 113 111 111 112 111 111
34 36 38 37 37 33 33 32 33 34 34 36 38 42 47 53 60 58 56 56 61 60 54 53 57 59 62 65 66 67 68 67 67 69 72 75 78 79 81 82 84 87 89 90 89 88 86 86 86 86 87 91 94 95 96 97 99 100 101 101 101 101 103 105 107 109 110 110 110 112 114 114 114 115 115 117 117 119 121 120 118 117 116 118 117 116 115 115 114 114 113 113
36 39 37 36 39 36 33 36 36 35 38 40 42 48 51 53 58 65 63 63 65 66 63 65 62 58 62 65 66 66 65 65 65 68 70 73 75 77 80 82 84 86 88 90 90 89 88 88 88 88 89 91 94 96 97 98 98 99 101 102 103 104 106 107 110 111 112 112 112 114 115 115 114 114 114 115 115 115 117 119 121 120 118 119 118 117 117 117 116 116 115 114
46 42 41 39 33 33 36 35 37 39 43 46 47 54 56 58 56 63 65 65 70 69 69 70 63 59 63 66 66 65 64 64 64 66 68 71 74 77 80 82 85 87 89 89 89 88 88 87 86 87 89 90 93 95 96 98 100 101 102 104 105 107 108 109 111 114 116 117 116 116 116 116 115 116 117 116 115 113 116 118 120 120 118 117 117 116 117 118 117 116 115 113
34 32 35 36 38 38 38 37 39 41 45 48 49 49 50 54 55 64 63 63 67 67 72 75 70 64 64 67 65 64 64 63 64 66 68 71 74 76 80 83 86 87 87 87 87 87 86 85 84 87 89 92 93 95 96 97 100 102 105 106 107 109 111 111 114 116 119 120 119 118 117 118 118 119 119 118 117 114 115 118 118 119 118 117 116 116 116 116 116 116 115 113
25 24 28 39 39 41 39 39 42 45 46 49 51 52 50 53 54 58 62 63 66 65 76 84 68 61 66 67 65 64 64 64 64 65 68 70 73 75 79 83 84 84 85 85 86 86 85 85 85 88 91 93 94 94 95 98 101 104 105 106 107 110 111 113 115 117 118 120 119 119 118 119 121 121 120 119 119 118 117 118 119 118 118 118 116 115 115 114 115 116 115 113
21 23 26 30 35 35 36 39 42 49 52 51 54 54 55 56 55 60 60 57 61 63 61 77 74 60 68 67 65 65 65 65 65 66 67 69 72 75 79 81 81 81 83 84 85 85 85 86 88 91 94 95 95 95 95 99 103 107 106 105 105 107 109 112 114 116 118 119 119 118 119 120 121 120 120 121 121 121 119 120 119 117 118 118 117 116 116 116 117 118 117 115
21 23 25 28 30 34 41 41 42 45 48 51 55 59 64 67 58 59 60 52 52 56 53 72 83 60 68 67 67 67 67 67 67 68 68 69 71 75 78 80 80 80 81 83 84 85 85 87 89 93 95 98 98 97 97 100 105 108 107 105 104 105 107 109 111 114 115 117 117 118 118 120 121 121 120 122 123 122 120 121 121 119 119 119 119 119 119 119 120 120 120 118
23 24 26 30 33 36 45 42 44 48 50 51 55 64 69 66 53 51 53 55 55 58 67 75 74 63 68 69 68 68 69 68 69 69 70 70 71 74 77 78 79 80 81 83 85 85 86 87 91 97 99 100 99 98 98 101 104 107 106 105 104 106 108 109 110 112 114 115 116 117 117 120 122 123 123 124 124 123 122 124 124 123 123 123 122 123 123 123 123 122 121 119
26 27 29 32 37 39 47 46 46 48 50 53 56 67 65 50 51 53 55 65 67 63 84 82 67 65 66 68 69 70 70 69 69 70 70 70 71 73 75 76 77 78 80 82 85 86 86 87 93 97 100 100 99 98 98 100 103 104 104 102 103 105 107 108 107 107 109 112 114 115 116 119 121 123 124 125 125 123 124 126 127 127 126 125 126 126 126 126 124 124 123 121
30 33 36 43 43 45 51 48 53 49 46 37 40 48 52 49 49 52 59 59 69 65 73 82 78 69 65 69 70 70 69 69 68 68 68 68 70 72 73 74 75 77 79 81 83 84 86 87 90 95 98 99 98 97 98 99 100 100 99 99 100 103 105 106 105 105 107 109 111 113 116 119 121 122 122 123 124 125 126 129 130 131 131 131 129 127 127 125 125 124 124 122
37 39 39 34 30 34 46 42 38 35 54 46 45 54 44 47 58 60 70 70 72 78 75 71 75 69 67 65 67 67 68 67 67 67 66 67 69 70 70 71 73 74 76 78 80 83 84 85 89 92 95 96 96 95 96 97 98 97 96 95 96 99 100 102 104 105 107 108 110 112 116 120 123 123 121 122 124 127 131 133 133 134 134 133 132 131 129 127 124 123 123 121
42 32 26 24 24 24 31 37 30 36 43 51 54 60 52 60 52 64 72 70 74 76 68 69 75 78 69 75 67 67 67 66 65 64 64 64 65 68 69 70 71 73 74 76 77 80 83 84 87 90 92 93 92 92 94 95 96 95 93 92 92 94 97 99 101 104 107 108 110 111 116 120 122 122 120 121 126 130 132 132 133 133 133 131 133 133 133 129 125 121 120 119
30 25 24 25 31 31 24 26 49 66 79 77 58 48 61 77 78 73 82 76 68 71 63 67 73 74 77 81 77 73 72 68 65 64 62 61 62 63 66 68 70 71 73 74 76 78 81 84 86 87 89 90 89 90 92 94 95 92 90 87 87 89 93 96 99 103 105 108 110 112 116 120 120 118 119 125 130 133 133 132 131 129 127 127 131 135 134 130 127 124 121 120
23 24 24 34 46 51 39 27 37 54 38 48 44 48 54 70 69 76 70 81 71 64 63 67 71 75 80 89 78 69 70 67 67 64 61 60 59 60 62 64 66 68 70 72 74 76 79 83 84 85 86 86 87 88 89 90 90 87 86 84 83 86 90 94 99 102 105 108 111 113 115 118 118 115 121 128 132 133 132 130 128 127 124 124 130 136 136 134 132 129 127 124
24 26 29 33 42 54 50 39 29 28 30 34 43 64 69 66 61 65 74 81 73 54 66 71 72 75 77 91 84 66 67 64 64 61 59 58 59 58 60 62 64 66 68 70 71 74 76 79 81 82 83 83 83 84 86 87 85 83 83 84 86 88 89 92 97 101 104 107 110 111 112 115 117 118 120 128 133 132 129 128 128 129 128 128 132 135 136 137 136 134 131 128
25 32 54 49 38 48 61 51 42 32 31 48 53 68 66 62 50 59 66 77 77 51 60 69 70 65 65 74 69 63 60 58 59 58 56 56 57 56 57 60 62 64 65 67 69 70 72 74 76 79 80 81 81 82 83 85 86 86 86 87 90 91 93 94 95 99 101 105 107 107 108 111 115 119 121 126 131 131 129 129 132 134 135 134 134 135 136 138 139 138 134 130
30 35 62 52 38 38 50 62 65 55 41 48 61 62 56 54 58 55 56 62 78 63 63 55 56 58 55 53 56 57 55 52 53 52 52 52 55 53 54 57 59 60 62 64 67 68 71 72 73 75 78 79 79 82 84 85 86 86 87 89 91 93 95 96 97 98 99 101 103 105 107 112 116 119 120 124 128 130 131 133 136 141 142 140 137 136 137 138 139 138 135 132
34 36 43 43 39 42 40 47 63 73 69 57 76 82 68 65 75 65 71 68 67 64 55 74 59 62 70 58 53 51 49 48 47 48 49 50 51 51 52 55 58 59 61 63 66 69 72 72 73 74 76 78 80 82 85 86 87 86 87 88 90 92 94 96 98 98 98 100 102 104 107 111 115 118 119 123 127 129 132 135 138 142 142 140 138 137 137 137 137 136 134 132
35 39 42 45 41 43 47 57 65 74 82 76 93 100 88 81 87 76 68 61 53 46 45 66 78 62 77 75 59 53 51 48 47 45 46 47 48 49 51 53 56 58 60 62 66 70 71 72 74 75 77 78 80 83 85 87 87 87 87 89 91 93 94 96 97 96 97 99 102 104 107 109 113 116 118 123 127 129 131 133 136 138 138 139 138 137 136 135 135 133 133 131
50 53 44 46 50 49 51 67 83 90 91 105 108 107 95 99 95 93 88 68 48 40 41 45 78 68 66 80 64 55 53 51 47 45 45 46 47 49 51 54 56 59 62 63 66 69 71 72 73 75 77 79 81 84 87 89 90 88 89 90 93 94 95 96 96 96 98 100 102 104 106 108 110 113 117 122 126 129 130 131 132 133 133 135 134 133 133 133 133 132 132 130
45 48 41 42 45 54 64 70 84 95 103 104 109 106 93 83 80 78 66 53 41 38 38 41 49 67 58 58 58 54 55 55 49 46 45 47 48 50 52 55 59 62 63 64 65 68 70 71 73 75 78 80 82 85 87 90 90 89 90 93 95 97 97 96 96 97 98 100 102 104 105 107 109 111 114 120 125 127 128 127 127 127 127 129 129 128 129 131 131 131 130 128
33 35 32 36 41 46 55 64 81 92 91 92 108 105 94 97 104 82 79 63 44 37 36 38 54 81 68 62 57 56 56 54 50 48 47 48 49 52 55 58 61 64 64 65 66 67 69 70 72 75 79 82 84 86 87 89 89 90 91 95 98 99 99 97 96 97 99 101 103 104 104 105 107 109 112 118 122 123 124 123 125 126 126 126 125 124 125 127 129 130 129 127
27 28 28 28 33 40 41 52 69 97 79 80 82 86 72 77 76 93 105 85 56 38 35 37 41 50 72 72 71 61 56 53 50 49 48 50 53 56 58 60 63 65 65 66 67 68 69 71 72 76 79 81 84 86 87 87 87 89 92 95 97 99 99 97 96 97 99 102 104 105 105 104 105 109 111 115 117 120 123 126 129 130 130 130 128 128 128 129 131 130 129 128
24 25 25 26 31 41 44 51 56 64 57 59 60 67 65 63 64 86 106 81 59 43 39 40 43 53 84 85 66 64 61 53 51 51 52 54 58 59 60 62 63 65 65 66 67 68 69 71 73 77 79 81 82 84 85 85 86 87 90 93 95 97 97 96 96 97 100 102 104 106 105 103 104 108 111 115 118 121 123 127 130 132 131 130 130 131 131 131 131 130 128 125
25 26 26 24 26 28 36 42 45 46 46 50 48 55 58 60 64 73 91 85 68 50 44 44 46 60 91 77 66 64 64 72 60 56 58 60 62 60 59 60 62 63 64 66 66 67 68 71 74 77 79 81 81 82 84 84 84 85 87 91 94 94 95 94 94 97 100 101 103 105 103 103 105 109 113 117 120 121 123 125 130 129 128 129 129 130 130 130 131 129 127 125
26 29 31 29 24 26 30 35 35 37 38 44 46 48 56 61 63 68 69 87 77 63 51 48 53 77 91 70 71 72 72 71 77 72 68 63 60 58 57 59 60 61 62 64 66 68 69 71 74 76 78 79 81 83 84 84 84 84 87 92 96 96 96 96 97 98 100 102 103 104 104 105 107 111 115 119 120 121 124 126 126 123 123 124 124 126 128 129 129 128 128 126
27 31 42 38 26 26 26 28 30 30 34 37 43 47 57 61 67 66 63 83 83 70 57 53 63 89 86 71 70 70 68 66 71 73 73 67 64 61 59 60 61 62 63 65 67 68 69 71 72 74 77 79 81 83 84 84 85 85 88 93 96 96 96 97 99 101 102 104 104 106 108 110 111 114 116 118 119 121 123 125 124 121 120 120 120 123 125 127 128 128 128 127
28 31 40 35 32 27 27 30 33 32 34 38 42 46 55 59 64 61 61 76 82 68 58 53 71 100 84 76 69 66 67 68 75 75 72 69 66 63 60 59 60 61 63 64 66 68 69 70 72 73 77 79 82 85 85 87 87 89 90 94 97 99 101 101 102 104 104 105 107 111 114 116 116 116 118 118 119 119 121 122 121 121 119 120 120 122 124 125 127 129 129 129
29 33 42 59 40 30 28 30 34 34 38 39 43 45 53 59 65 65 64 69 73 58 56 53 60 86 90 90 68 68 68 69 71 71 70 69 66 62 59 58 59 61 63 65 67 68 69 71 72 76 79 81 84 85 87 89 90 91 94 96 99 102 105 106 106 106 106 106 111 117 123 123 122 121 121 122 121 120 120 120 120 121 122 122 123 123 123 125 129 132 134 136
31 39 46 56 52 32 29 30 32 33 37 40 45 45 50 57 64 73 60 55 52 50 53 64 81 101 95 88 76 71 70 68 69 70 68 67 66 62 59 57 58 60 63 65 67 68 69 71 74 77 79 82 83 83 86 89 92 93 96 99 103 107 109 110 112 111 110 111 114 121 126 126 126 127 127 126 126 124 122 121 123 124 125 126 126 125 126 129 133 136 138 139
33 40 48 50 61 42 30 31 32 33 34 37 41 46 49 56 73 88 85 86 63 49 59 80 105 94 86 84 80 73 72 68 70 70 68 66 64 63 60 57 58 60 63 65 67 69 71 74 77 79 82 83 83 83 85 89 93 95 98 103 107 110 113 115 116 116 115 116 118 122 125 127 128 130 131 131 130 129 127 127 127 128 129 129 128 128 130 135 138 139 141 141
36 44 55 51 55 49 33 34 35 35 36 39 42 43 45 50 64 82 89 91 65 50 64 105 118 94 79 79 81 74 72 67 69 70 68 64 64 65 62 59 60 61 63 67 70 72 75 78 80 82 83 83 83 83 85 88 92 95 99 104 108 111 115 118 120 120 120 120 121 124 126 129 131 133 135 135 135 135 134 134 133 132 131 131 131 131 134 139 142 143 144 146
41 46 55 50 49 39 40 42 41 39 40 43 42 44 43 47 59 65 80 72 58 59 73 103 110 94 81 78 78 77 74 67 67 67 70 65 66 67 65 63 62 63 65 68 73 76 78 80 82 84 86 87 89 88 87 91 93 97 101 105 108 112 116 119 122 122 122 122 124 126 130 132 135 137 138 139 139 137 137 138 137 137 136 134 135 136 138 142 145 147 148 150
43 50 54 48 45 45 46 48 51 48 48 45 43 47 47 45 46 47 56 48 50 56 71 83 91 85 78 81 80 79 72 64 62 64 67 68 68 69 66 63 63 63 66 69 73 77 81 83 87 90 92 93 93 92 91 92 94 99 103 106 110 113 116 120 123 124 124 124 127 131 135 137 138 140 141 142 141 139 138 139 139 139 138 138 139 140 143 146 148 149 150 150
41 46 50 47 46 49 55 55 53 48 49 51 54 70 55 45 46 46 44 43 50 54 60 74 77 73 72 74 72 70 66 63 61 62 67 69 70 71 67 62 61 65 69 72 75 79 83 87 92 94 96 97 96 94 92 91 93 98 103 108 112 115 116 118 121 124 126 127 129 133 137 138 140 141 143 144 144 141 140 140 141 142 142 142 143 145 146 148 149 149 149 148
41 42 43 47 51 52 52 61 63 56 46 55 78 64 48 43 42 42 39 68 62 61 61 71 73 68 64 64 65 68 67 65 67 68 67 69 72 70 67 62 64 69 73 77 81 84 88 91 95 98 98 99 98 96 95 92 93 98 104 109 113 114 113 114 116 120 126 129 129 132 134 136 137 140 142 144 144 142 140 140 141 144 147 147 148 150 151 153 153 151 148 143
39 43 47 50 48 50 53 53 61 63 52 49 47 45 44 42 40 39 39 66 67 57 60 70 73 68 65 65 66 67 67 68 69 67 67 70 71 69 65 64 68 71 75 79 83 87 91 94 97 98 99 98 97 95 92 90 93 98 103 109 113 113 109 105 105 114 125 129 130 131 131 134 136 139 143 144 144 143 142 143 145 147 150 151 153 156 157 159 160 157 149 138
