kuenm_practice/Projection_variables/cc_rcp45/bio_12.asc
NCOLS 360 
NROWS 210 
XLLCORNER -125 
YLLCORNER 20 
CELLSIZE 0.166666666666667 
NODATA_value -32768 
[rows 0 to 37 of 210, columns 0 to 84 of 360]
511.000000000000000 514 518 524 533 548 564 584 608 632 657 685 714 741 760 768 773 770 765 754 751 738 714 700 697 663 656 635 619 599 579 557 545 541 549 541 525 518 516 526 533 539 545 552 555 554 542 542 543 555 559 557 562 558 575 585 580 566 558 563 544 535 526 518 519 524 525 523 512 498 492 483 476 471 470 469 467 469 472 476 480 491 488 473 476
508 511 513 518 525 537 555 575 598 623 650 678 707 733 759 780 789 793 792 785 783 770 749 732 720 709 689 675 649 627 601 588 570 571 564 560 549 543 538 545 556 566 575 577 580 576 562 560 560 559 564 568 573 592 601 604 596 587 578 557 542 533 526 518 516 522 525 523 512 500 490 485 480 478 479 476 473 473 474 478 484 482 476 470 468
504 508 509 511 517 528 546 567 588 612 637 666 699 723 758 789 809 817 821 819 812 809 793 780 771 755 726 700 675 656 632 610 611 598 587 575 562 554 555 560 571 586 605 607 608 595 585 576 572 571 573 580 592 598 603 596 590 578 566 554 542 531 521 515 516 520 522 522 517 508 497 490 484 484 482 478 475 474 475 479 482 483 474 466 463
498 501 506 507 509 524 541 559 578 600 625 652 688 716 752 794 825 845 849 849 843 829 815 812 799 779 756 750 724 691 656 634 627 629 602 581 573 566 563 570 588 602 617 627 623 611 599 590 585 582 585 595 599 593 595 600 596 580 563 546 532 519 512 514 515 514 516 519 511 506 502 495 489 487 483 483 479 476 475 481 486 485 474 456 451
496 501 505 510 514 521 535 551 569 589 611 636 663 695 733 783 832 868 875 870 866 849 849 834 815 808 799 772 736 733 701 675 645 626 599 594 576 571 571 585 599 610 618 626 626 621 613 606 599 600 594 588 586 586 589 588 582 569 555 538 524 513 510 513 515 512 511 509 503 501 494 486 482 479 474 474 474 476 475 476 488 490 475 459 450
503 510 514 517 518 522 530 542 556 575 596 618 644 669 707 765 828 880 888 882 900 890 881 866 859 825 810 786 778 742 723 696 675 668 627 596 584 582 590 595 595 602 606 612 614 614 612 611 606 600 605 605 600 602 594 591 585 575 559 547 525 508 507 510 514 516 513 509 498 491 484 479 473 468 464 459 455 464 466 471 474 476 471 463 455
490 503 518 516 515 516 524 532 546 564 579 597 618 638 688 764 810 862 892 896 893 897 900 892 856 844 812 810 782 774 753 730 712 679 640 592 604 599 597 593 593 590 588 595 597 598 602 599 606 617 615 605 605 603 593 596 597 582 563 545 528 519 515 515 518 521 515 506 495 486 476 468 463 459 455 452 448 448 455 456 460 462 463 457 450
491 504 503 500 504 510 520 526 536 556 569 582 605 629 673 755 801 857 894 911 955 942 913 878 847 872 853 811 793 786 769 742 728 658 669 655 643 629 627 603 587 582 577 580 584 591 594 596 609 599 590 580 579 586 585 592 593 585 570 558 541 533 525 522 519 515 505 495 485 474 465 460 461 456 450 446 441 437 441 441 447 452 448 443 444
486 488 487 489 493 497 505 513 524 541 552 572 601 616 670 764 813 838 906 938 947 980 984 964 914 831 801 850 825 799 780 760 731 720 687 714 692 687 665 644 612 576 562 564 576 578 581 591 591 585 574 567 572 581 587 591 591 582 571 559 546 536 529 525 520 514 501 488 475 463 460 461 460 453 444 439 432 423 428 435 441 438 440 439 434
476 472 474 477 480 484 491 500 509 527 534 552 580 602 636 724 781 834 895 950 969 982 1005 993 969 924 877 784 782 831 774 771 777 775 712 732 719 694 664 616 606 593 555 540 543 561 576 590 592 583 576 575 579 582 589 595 593 585 573 561 550 539 530 520 513 507 496 484 469 463 462 459 457 447 437 431 427 419 424 428 433 433 428 428 424
465 462 465 463 466 469 476 481 490 511 522 536 555 583 615 665 735 818 894 962 1005 979 982 998 976 963 943 909 818 711 756 803 763 759 758 749 728 703 674 667 602 574 533 538 551 555 566 584 593 588 578 581 585 587 588 587 587 581 571 563 548 537 530 522 513 501 493 483 469 462 459 458 455 447 435 429 424 420 421 423 425 427 427 425 423
459 450 448 448 448 453 462 465 473 500 525 529 551 568 567 617 686 767 880 966 1022 1036 997 984 987 960 949 928 879 856 763 724 726 772 733 754 722 712 688 660 635 541 549 567 582 569 562 574 587 589 585 588 591 593 591 582 581 580 569 558 551 545 535 527 519 506 495 480 468 459 454 451 449 443 435 427 423 421 420 425 427 427 424 419 420
451 445 442 441 435 438 443 453 455 475 511 509 521 552 548 565 630 709 805 908 994 1025 979 1003 989 968 951 922 916 889 824 839 784 678 732 760 732 705 680 645 620 524 597 579 584 596 591 582 583 588 590 592 590 588 586 581 579 575 565 559 554 547 541 532 520 507 491 476 464 454 447 444 440 437 428 422 420 419 419 421 423 421 421 418 415
472 458 439 432 430 426 432 438 444 460 493 496 509 541 511 525 611 641 725 811 907 927 993 1022 959 948 978 919 903 883 854 846 816 784 689 727 749 731 695 687 677 616 566 615 606 614 630 624 596 593 600 597 588 585 587 585 583 578 571 560 554 550 541 529 517 503 486 471 459 449 444 441 435 431 422 418 416 416 416 420 420 414 412 411 409
456 447 421 413 409 406 414 417 424 433 463 482 481 491 471 487 579 581 626 712 743 857 897 867 888 948 925 868 860 871 868 836 808 795 787 759 743 733 724 702 692 645 621 602 610 647 657 639 612 624 623 609 604 608 604 599 590 582 572 557 556 552 537 529 514 498 483 463 456 449 444 435 429 426 420 413 410 411 417 422 420 415 409 410 407
445 441 412 395 391 388 391 394 395 408 426 440 446 444 441 450 494 528 570 622 658 690 755 841 858 947 996 920 834 842 809 823 824 804 785 778 774 747 734 717 703 695 668 645 625 627 663 657 652 662 643 620 601 605 607 604 597 593 579 558 544 539 536 526 515 494 475 455 452 441 433 425 423 420 415 410 406 406 414 420 416 408 404 404 395
443 437 411 390 382 378 374 375 376 375 389 405 411 414 412 421 429 466 524 589 625 665 776 846 854 886 957 940 754 852 832 818 811 808 807 796 784 773 764 748 731 718 714 704 681 691 688 678 683 670 658 618 624 623 614 610 606 604 594 567 549 538 532 524 508 491 469 453 446 434 426 422 418 416 413 408 407 407 409 409 402 397 394 389 387
441 422 403 388 380 377 369 363 358 350 348 368 390 397 393 388 394 418 447 514 576 631 695 864 1005 903 884 898 780 739 786 794 794 808 819 812 794 804 806 789 779 766 754 738 733 713 717 697 679 684 655 626 657 649 630 614 610 604 591 574 557 541 528 516 499 480 463 454 442 432 426 417 412 408 405 399 399 397 396 395 388 381 378 379 375
463 431 403 397 397 381 373 365 356 348 340 340 349 358 363 363 391 407 429 451 498 560 643 615 663 680 685 720 712 642 770 781 776 794 806 826 812 830 847 832 816 817 819 802 784 766 745 734 714 679 688 670 681 667 648 627 617 608 592 575 560 544 526 511 494 477 461 448 434 424 416 408 400 396 394 390 388 386 380 373 365 361 360 360 359
547 474 491 419 418 396 386 375 363 354 347 341 340 343 361 353 376 401 423 442 445 451 486 530 607 661 702 721 736 657 724 707 732 765 794 810 802 863 886 865 864 864 838 882 845 830 804 772 746 717 710 698 692 676 666 648 627 611 594 577 560 540 524 506 488 471 452 438 427 415 408 398 390 387 386 383 378 370 366 356 345 339 340 346 346
613 598 557 481 470 440 420 394 382 374 353 346 359 363 364 358 366 409 401 424 447 462 469 507 550 603 660 672 602 567 626 641 694 732 778 796 817 837 916 912 934 944 881 924 929 930 851 817 760 729 729 707 685 679 664 657 639 614 593 585 569 552 527 504 483 464 445 432 418 409 400 388 377 374 372 378 380 367 351 345 331 320 321 330 333
624 598 567 528 520 485 486 453 407 393 364 351 368 371 384 391 362 394 392 398 407 418 433 464 501 530 560 587 521 576 633 637 666 690 745 782 851 864 883 969 953 973 948 974 1020 1006 890 768 781 772 708 706 682 662 685 658 653 648 624 597 578 557 536 510 489 465 444 426 414 405 395 385 376 365 360 363 370 360 343 335 322 315 318 321 324
692 659 665 630 588 529 515 498 450 497 470 413 410 389 428 439 401 388 442 422 391 387 395 413 444 487 523 535 493 506 532 577 610 652 701 781 870 837 824 907 1025 1005 990 1099 1042 1015 925 875 734 767 712 721 705 671 645 640 616 622 636 607 580 555 534 515 490 460 441 425 411 402 393 384 378 375 373 363 349 345 335 324 316 314 313 319 317
827 715 722 673 639 605 596 606 525 516 523 483 444 428 489 473 472 415 434 474 404 364 418 428 407 438 489 501 444 462 502 527 567 621 663 743 822 833 889 905 1032 1008 1063 1014 1070 926 966 900 850 731 692 694 691 674 670 655 637 621 631 612 599 576 539 509 485 453 437 425 416 406 396 387 379 375 372 362 346 334 325 318 312 308 307 310 312
945 860 807 782 727 669 657 680 592 551 553 527 502 491 506 516 469 472 406 452 427 357 423 418 362 397 443 427 381 440 473 490 527 585 651 717 762 823 865 914 958 1028 1043 1043 1065 963 956 881 859 802 714 642 683 649 651 674 680 656 665 651 644 607 562 524 490 458 439 430 421 409 399 391 383 374 365 355 342 332 321 315 307 306 304 303 303
1030 905 854 818 810 753 748 705 674 634 606 588 570 564 572 537 508 481 415 487 421 408 332 353 337 331 329 327 352 398 422 447 490 538 600 665 678 759 840 845 870 1004 1023 1036 1006 988 949 899 844 816 788 719 627 657 640 659 673 679 679 669 660 636 587 540 504 476 452 441 431 417 406 396 383 373 366 354 343 335 327 319 311 309 310 309 314
1103 1009 953 953 997 974 824 759 735 776 741 717 637 628 615 608 621 552 533 485 500 430 382 443 391 385 378 344 341 361 384 420 451 493 552 608 659 740 749 838 838 895 995 975 979 971 930 880 844 822 789 755 682 597 669 636 655 675 687 679 678 657 614 565 522 488 462 445 437 424 423 414 390 387 376 360 348 340 333 325 321 316 315 316 316
1156 1112 1059 1078 991 988 890 869 917 784 764 753 810 758 695 662 653 654 632 540 508 447 410 449 407 374 375 340 333 354 369 388 421 461 503 550 620 681 722 778 797 878 937 929 928 919 915 885 824 816 794 768 739 674 597 681 631 698 697 698 682 669 639 584 538 504 475 455 441 435 426 412 397 387 373 361 348 342 336 328 324 321 321 321 320
1255 1240 1150 1165 1103 1130 1132 1023 1070 927 861 866 895 860 833 779 728 688 673 633 525 502 474 424 403 382 357 318 327 326 346 367 393 418 458 515 570 625 686 727 743 834 878 894 904 899 870 866 821 818 798 778 759 705 621 638 678 689 696 710 694 693 671 629 569 536 508 470 448 435 426 414 405 389 374 364 351 343 339 333 329 326 324 322 322
1254 1181 1198 1216 1217 1199 1280 1315 1066 1128 995 1049 960 894 955 865 811 781 748 697 649 598 556 475 425 383 348 327 319 324 335 352 369 388 437 479 522 565 624 664 705 782 811 850 858 885 867 858 820 813 796 783 766 715 663 584 668 712 730 726 711 707 690 662 601 565 519 475 455 438 427 417 413 395 379 368 357 348 346 340 334 332 330 331 330
1211 1140 1145 1211 1260 1311 1325 1236 1160 1166 1269 1115 1027 1006 999 1068 965 891 862 789 741 727 606 528 471 413 362 348 343 336 325 331 345 361 408 449 491 536 578 616 688 747 768 792 812 850 851 843 811 816 802 788 773 754 669 537 700 747 748 745 738 724 703 664 619 579 536 483 455 445 431 424 415 399 383 374 365 357 351 344 340 336 339 337 331
1275 -32768 1126 1171 1245 1279 1324 1303 1281 1271 1265 1310 1169 1215 1095 1110 1186 1148 1013 909 851 894 686 596 521 440 386 362 330 321 312 310 329 363 394 427 469 509 552 594 659 700 728 762 818 836 833 832 791 802 798 758 777 749 606 505 688 763 764 769 766 743 719 690 624 566 551 502 459 445 431 421 411 402 387 377 372 366 361 354 346 344 343 332 333
1484 1366 1318 1238 1279 1206 1264 1290 1332 1317 1342 1303 1325 1299 1364 1281 1251 1188 1390 1217 968 1062 778 667 573 487 410 356 355 344 321 298 314 367 376 402 442 485 534 583 634 674 714 773 805 829 826 821 784 768 808 784 745 706 576 512 576 745 779 800 787 758 728 688 623 544 507 480 466 453 432 424 410 402 389 379 373 367 361 355 352 348 340 330 331
1791 1614 1485 1361 1207 1150 1105 1168 1285 1256 1333 1376 1432 1429 1565 1487 1582 1423 1435 1470 1289 1307 976 748 644 550 435 377 353 333 361 300 299 350 380 386 421 476 515 562 609 668 711 751 789 813 826 828 818 727 820 779 783 769 673 664 696 653 738 814 782 761 739 696 651 589 532 495 471 448 435 421 405 396 383 373 364 358 353 349 350 347 337 325 320
1962 1823 1773 1583 1437 1298 1077 1056 -32768 -32768 1192 1273 1398 1455 1587 1722 1725 1536 1632 1649 1285 1158 974 851 723 617 505 467 423 366 344 303 293 337 389 382 403 451 497 537 592 658 719 761 792 811 810 829 830 760 733 766 758 768 717 759 745 689 621 726 764 763 733 717 699 674 580 523 484 456 432 420 407 398 386 374 359 349 341 336 337 335 325 315 310
2210 2069 1986 1885 1742 1585 1233 1099 1098 -32768 1105 1104 1209 1220 1371 1547 1567 1573 1596 1520 1386 1232 1091 1023 797 687 577 550 492 437 447 329 303 320 361 366 388 428 474 504 554 642 697 750 742 787 788 827 832 814 649 715 742 744 771 758 748 754 582 618 759 755 712 683 702 696 630 573 527 475 439 420 408 386 369 359 353 340 335 327 326 321 319 315 310
2417 2252 2095 2025 1936 1809 1632 1312 1126 1045 948 989 -32768 984 1053 1157 1398 1565 1596 1528 1419 1318 1177 1132 902 776 670 617 574 502 465 366 309 309 346 368 386 416 445 507 531 599 620 637 722 760 787 824 818 839 790 673 769 805 819 750 728 772 592 485 678 737 729 641 681 699 676 658 622 518 486 443 409 380 365 355 343 337 321 323 351 344 344 353 306
2538 2339 2269 2185 2074 1929 1673 1360 1173 1073 878 793 783 860 883 1093 1357 1594 1668 1682 1663 1490 1387 1262 994 856 757 655 563 475 489 379 320 308 346 386 396 415 444 512 519 496 566 646 694 703 790 808 786 837 861 726 717 774 807 781 773 733 658 655 503 692 737 697 630 670 694 674 657 592 546 475 410 380 352 334 329 316 306 312 311 317 327 320 298
