kuenm_practice/Projection_variables/cc_rcp45/bio_5.asc
NCOLS 360 
NROWS 210 
XLLCORNER -125 
YLLCORNER 20 
CELLSIZE 0.166666666666667 
NODATA_value -32768 
[rows 39 to 77 of 210, columns 176 to 263 of 360]
294 292 290 290 289 289 289 289 288 289 289 289 288 287 286 286 285 285 284 283 283 282 281 280 279 278 277 277 275 271 266 263 262 261 261 265 270 271 270 270 266 262 261 258 255 251 247 243 239 235 232 231 230 229 229 230 232 231 231 233 237 239 244 246 248 251 257 259 261 261 261 263 263 263 262 262 262 259 258 259 258 261 263 264 266 268 267 267
297 295 293 292 292 293 294 294 292 291 292 292 290 289 287 285 285 284 285 285 284 283 283 282 280 277 276 277 276 272 266 260 258 257 261 265 267 270 270 269 267 264 262 259 255 252 248 244 240 236 234 233 232 232 231 233 234 231 229 232 235 237 241 243 244 248 252 255 259 260 261 261 262 262 262 262 261 260 259 258 259 262 263 264 265 266 266 266
298 296 295 294 294 294 295 294 292 292 292 292 290 290 289 288 286 285 284 284 284 284 283 283 282 279 276 274 272 266 259 257 255 256 260 263 267 272 271 269 267 264 262 259 256 253 249 246 242 239 237 235 234 234 234 235 236 238 236 236 235 235 240 240 241 245 249 252 254 257 258 259 261 261 263 263 262 260 259 260 260 261 262 263 264 265 265 264
299 298 296 295 295 295 293 290 290 290 291 290 289 288 289 290 288 286 285 285 284 283 284 283 279 276 274 270 265 260 256 255 255 256 261 267 272 272 271 268 267 266 264 261 258 255 251 248 244 241 239 238 237 237 237 238 238 240 242 242 242 243 246 248 248 246 247 250 252 255 257 259 260 262 263 263 262 261 260 261 260 261 261 263 264 265 265 264
298 297 295 293 293 293 293 291 290 290 289 288 288 288 288 288 287 285 284 284 284 282 282 280 276 273 271 268 265 261 263 266 268 270 271 271 272 272 272 271 269 268 266 263 260 257 254 251 248 245 243 241 240 240 240 240 241 242 243 244 246 248 249 249 245 243 246 247 250 253 255 257 260 262 263 263 263 262 262 262 262 262 263 264 265 265 265 264
296 294 293 294 294 295 295 293 292 290 289 287 287 288 288 287 285 283 282 281 281 280 277 274 270 267 266 267 271 274 274 274 272 272 271 272 273 273 274 273 272 270 268 265 263 260 257 254 252 249 247 245 244 243 243 244 244 245 246 248 248 249 249 250 245 244 246 246 248 251 255 257 259 261 262 262 262 261 261 262 263 263 264 265 265 265 265 266
296 294 294 295 296 296 297 295 294 293 291 290 289 289 288 286 284 284 283 283 280 276 272 268 266 266 269 276 279 277 276 274 273 273 274 274 275 275 276 275 274 273 270 268 263 261 259 258 256 253 252 250 248 248 248 248 248 248 249 250 250 251 251 251 252 250 245 245 248 251 254 256 258 259 262 263 262 260 261 262 263 263 264 264 265 265 266 266
294 292 293 295 295 296 296 295 294 293 293 292 293 292 291 289 288 286 286 284 279 273 268 265 265 270 278 280 280 279 277 276 276 276 276 277 278 279 279 278 278 276 272 268 268 268 266 263 261 259 257 255 254 253 252 252 252 252 253 253 253 253 253 252 252 253 248 246 248 251 253 255 257 259 261 263 263 262 261 262 264 265 265 264 265 266 266 266
295 294 295 295 294 294 295 295 295 295 294 292 293 294 293 292 291 290 287 284 278 272 266 263 268 276 280 282 283 282 280 279 279 279 280 280 281 282 283 283 281 276 275 276 275 273 270 268 265 264 262 260 259 258 257 257 256 257 257 256 256 255 254 253 253 251 246 248 249 251 253 256 259 262 263 264 264 263 262 262 263 263 264 264 265 265 266 267
297 296 297 298 298 297 296 297 298 297 296 295 295 294 294 295 294 292 289 285 278 273 271 270 274 281 286 286 284 284 282 282 282 282 283 284 285 286 286 285 281 281 283 282 280 277 274 272 270 268 266 266 265 264 263 262 262 262 262 261 259 258 256 255 254 254 254 254 251 251 256 258 261 265 266 265 264 263 262 261 261 262 263 264 264 266 267 269
300 298 298 299 300 299 299 300 301 301 300 298 298 296 296 297 297 295 292 289 284 280 280 281 284 288 286 284 287 288 286 286 285 286 284 279 284 285 287 287 285 288 288 285 277 273 271 272 274 272 271 271 270 268 267 266 267 267 267 266 264 261 258 256 255 257 258 258 255 255 258 262 265 268 267 265 263 263 260 260 260 261 262 264 265 267 268 271
304 302 301 301 302 302 301 303 305 305 302 301 299 298 299 300 300 299 298 297 295 291 289 289 290 290 288 289 292 292 291 289 284 280 279 280 283 285 287 290 289 289 287 281 277 275 273 273 273 273 274 275 276 273 270 269 269 270 270 270 268 265 262 260 260 263 263 262 262 262 264 266 269 272 269 268 265 263 262 261 261 262 263 265 266 269 273 275
307 305 304 304 306 307 306 306 307 306 303 301 300 299 300 301 303 304 302 300 298 296 297 299 296 293 293 293 292 293 290 284 279 278 278 279 282 285 287 288 288 287 285 283 280 279 277 276 275 274 276 277 280 274 269 269 271 275 277 275 272 270 267 265 266 268 270 270 269 269 270 273 276 279 277 271 267 263 262 263 262 263 265 266 268 270 273 275
308 305 305 306 308 310 310 311 310 307 305 303 301 300 300 302 305 304 302 300 301 303 305 305 301 296 292 290 287 287 285 281 279 279 279 280 281 283 284 286 287 287 285 284 284 283 282 281 278 276 275 277 278 274 270 270 273 278 281 278 275 273 271 270 270 274 275 272 272 272 273 276 279 280 277 271 267 266 266 266 265 266 267 268 269 270 273 273
309 308 308 309 312 314 315 316 314 310 307 304 303 302 303 304 305 305 304 303 304 306 307 306 303 300 294 291 289 287 285 283 282 282 282 282 283 283 285 286 286 285 284 286 287 286 286 284 282 279 276 275 275 272 270 269 271 275 278 278 277 276 274 273 274 276 277 275 275 275 275 277 279 279 276 271 269 269 269 268 267 267 266 267 268 268 270 273
310 310 312 314 315 317 318 319 317 313 309 307 306 306 306 306 307 307 307 306 306 307 306 306 305 302 297 292 290 288 288 286 284 284 284 283 285 286 287 286 286 286 285 288 291 292 290 288 285 281 277 274 272 270 269 268 269 273 276 277 276 276 276 277 278 279 280 280 280 279 279 279 278 277 275 272 269 270 269 266 265 264 264 266 267 269 271 273
313 314 316 317 319 320 319 319 318 314 313 312 311 310 309 308 309 309 309 308 308 308 306 306 306 303 301 297 293 291 290 288 286 285 287 287 288 289 287 286 286 288 288 288 292 295 295 292 288 284 279 274 270 269 269 269 270 273 275 276 275 276 277 279 280 281 282 283 285 285 283 282 280 278 276 273 271 270 269 266 264 262 261 262 264 267 269 271
318 319 318 319 321 322 320 319 318 316 317 319 316 313 311 310 312 312 310 309 310 309 309 309 308 304 306 303 298 294 291 289 287 288 291 292 293 292 287 285 284 285 288 290 294 298 299 297 292 288 282 277 273 270 270 271 273 275 277 278 278 279 280 279 280 284 285 288 291 291 287 284 282 279 277 274 271 270 268 266 264 262 261 260 262 264 267 270
321 321 320 320 322 322 323 320 319 320 321 322 319 317 315 313 313 314 312 311 311 312 313 313 311 310 311 308 303 299 295 292 289 289 293 295 294 291 288 288 287 286 289 294 299 302 302 301 297 292 286 280 275 274 273 274 275 278 280 282 283 284 285 285 286 290 291 293 298 295 290 286 283 281 278 274 272 270 268 265 263 261 259 258 259 262 265 268
323 322 320 320 322 323 324 323 322 322 324 323 322 320 318 317 316 317 316 313 312 314 314 315 316 315 314 312 306 300 296 293 292 294 297 298 298 295 291 289 288 291 295 300 303 305 305 304 302 296 289 282 279 277 276 276 278 281 284 287 289 290 291 293 294 293 293 293 297 296 292 289 285 282 278 275 272 269 267 264 262 260 257 256 256 260 264 268
322 322 321 320 321 323 324 325 324 324 324 323 321 320 319 319 320 322 320 316 315 318 318 317 316 317 315 311 305 301 299 296 296 297 298 300 300 297 295 293 293 296 301 306 305 305 305 306 304 297 290 285 281 279 278 279 282 285 290 293 293 295 296 298 297 295 295 294 298 298 295 292 288 283 279 276 273 270 267 264 262 260 258 257 257 260 264 269
323 322 322 321 322 323 324 324 323 323 323 322 319 318 320 322 322 324 320 318 318 320 323 321 317 316 314 309 305 302 301 299 300 300 301 302 302 301 300 297 297 302 305 307 306 304 302 303 301 295 290 286 283 281 280 281 284 288 294 296 298 299 299 297 296 297 297 297 298 300 298 294 289 285 281 277 274 270 267 265 263 261 259 259 260 262 265 269
324 324 323 323 322 322 323 322 322 322 321 320 319 319 319 322 324 323 320 320 319 322 324 322 318 316 313 310 308 307 305 303 303 304 305 306 306 306 305 303 303 306 308 306 305 303 301 298 295 291 288 286 284 283 282 282 284 289 293 296 299 299 298 298 297 297 298 299 299 299 298 295 290 285 282 279 275 272 269 266 264 263 262 262 262 264 267 270
325 324 324 324 323 322 321 320 321 320 320 319 318 317 318 322 323 322 323 322 320 322 321 319 317 315 312 309 309 310 311 309 308 308 308 309 309 308 309 309 308 309 309 307 304 303 299 293 289 288 286 285 285 285 285 285 285 289 294 296 297 298 298 298 297 297 297 298 299 298 298 296 292 287 284 281 277 274 271 269 267 265 265 264 264 265 268 272
327 326 324 324 323 323 321 319 319 320 321 318 317 318 320 321 319 317 317 319 321 323 320 319 318 318 315 312 312 314 314 313 314 315 314 312 310 309 310 312 312 310 309 308 306 302 296 289 285 284 283 284 285 287 289 291 292 294 296 297 296 296 297 297 298 297 298 299 298 301 300 299 294 289 286 284 280 277 274 272 270 269 269 268 269 268 271 275
326 326 326 326 325 325 322 320 321 321 321 319 318 320 322 320 318 316 316 318 319 319 322 321 321 319 317 315 316 316 315 314 317 318 317 313 310 308 311 314 314 312 309 310 307 302 296 289 282 280 281 283 286 289 292 296 299 300 300 298 294 294 297 300 300 300 299 300 302 303 302 300 298 294 291 287 284 281 278 275 274 273 273 273 273 273 276 279
324 324 324 325 326 327 326 324 323 324 322 320 318 320 324 321 317 315 315 315 315 317 317 322 324 323 321 319 318 317 315 317 319 321 318 314 309 310 312 314 314 313 310 310 307 305 298 291 282 280 281 284 287 290 295 299 302 304 304 303 300 298 299 302 302 302 305 307 306 304 303 303 301 299 296 293 289 285 281 279 278 277 277 278 278 278 280 282
324 325 325 325 325 327 327 324 323 322 321 320 319 320 322 319 316 314 313 312 313 315 316 317 317 319 322 319 319 319 315 317 320 321 318 314 311 313 315 316 314 313 311 310 308 305 301 295 288 284 283 285 288 291 296 299 302 305 306 306 303 302 303 304 304 307 310 310 308 306 305 305 305 303 301 297 293 288 285 283 282 281 282 282 282 283 284 284
325 326 326 325 325 325 324 323 322 321 321 320 319 318 320 319 317 313 311 311 312 316 317 318 320 318 321 316 313 315 317 315 318 318 317 313 313 315 317 317 314 313 312 309 306 305 302 298 292 287 286 286 288 291 295 298 301 304 307 307 305 307 306 308 309 311 312 312 311 309 307 308 309 308 306 302 297 292 289 287 286 285 285 285 285 285 286 287
325 325 326 325 324 323 323 323 323 323 322 320 318 318 320 319 318 315 312 312 311 313 314 317 316 316 319 315 311 315 317 317 317 318 316 313 314 315 317 317 317 315 312 308 306 303 299 295 292 289 287 288 289 291 293 295 299 304 306 307 308 310 310 310 311 312 313 313 313 312 312 313 313 312 310 306 301 296 294 292 290 289 289 289 288 289 289 290
326 326 326 325 323 323 324 325 325 323 322 320 319 319 321 320 319 317 314 313 313 314 317 318 320 318 320 316 314 317 317 320 318 316 316 314 314 315 317 319 320 317 313 309 305 302 295 292 290 288 287 288 289 291 293 295 299 303 306 308 310 312 313 312 312 313 313 314 315 316 317 316 316 316 313 309 306 301 298 296 294 293 293 293 292 292 293 293
329 330 329 327 325 326 326 326 326 325 323 321 320 320 321 321 320 319 317 315 314 315 318 321 318 317 319 321 318 317 321 322 321 318 319 319 315 316 318 320 321 318 315 311 307 303 298 293 290 288 288 288 289 291 293 295 297 302 305 308 311 314 316 315 315 314 314 315 316 317 317 316 315 315 315 311 308 304 301 299 297 296 296 296 295 294 296 296
333 331 330 329 327 329 329 327 326 326 325 323 322 320 320 322 322 321 320 317 315 316 318 319 320 320 322 321 321 320 319 318 317 316 316 316 316 317 318 321 322 320 316 313 311 309 303 295 290 289 288 289 289 290 293 295 297 301 305 308 312 314 317 317 316 315 315 314 312 313 313 313 315 316 315 313 311 307 305 302 298 298 296 296 296 296 298 299
335 333 331 330 329 330 330 329 328 328 327 325 322 321 322 323 324 324 322 320 318 316 316 317 322 324 322 322 318 318 319 318 315 313 315 315 317 316 318 320 321 320 318 316 313 308 301 294 290 289 289 290 290 292 294 295 298 302 305 309 312 315 317 316 316 315 313 312 311 310 310 310 313 314 314 314 312 310 308 305 301 300 299 298 297 296 296 296
335 331 329 331 331 331 331 330 330 329 328 325 324 322 323 325 327 326 324 322 320 319 317 317 321 325 325 324 322 320 322 320 318 316 317 316 318 318 318 320 320 320 319 318 313 306 298 292 290 290 291 291 292 294 294 296 300 303 305 307 311 315 315 316 315 314 312 311 310 310 310 309 311 314 316 316 315 313 311 309 307 306 303 300 297 294 291 293
334 331 329 330 333 332 332 331 332 331 330 327 326 326 325 325 326 326 324 323 322 322 321 320 322 322 322 320 320 324 323 322 319 317 318 318 318 320 320 321 320 320 320 320 314 306 298 292 292 293 294 295 296 296 296 297 298 302 304 306 312 315 316 316 315 314 312 311 310 310 309 310 312 316 318 319 317 315 314 313 313 312 308 303 299 295 292 293
333 332 330 332 334 333 333 333 333 333 331 330 328 327 328 327 325 324 324 324 325 325 325 325 324 325 325 323 321 320 323 323 320 318 318 320 320 320 321 321 320 321 321 319 315 308 301 298 297 297 298 299 299 300 300 299 299 304 307 310 315 318 318 317 315 314 313 312 312 311 311 311 314 318 319 317 317 315 315 316 319 317 310 306 302 298 295 295
334 331 332 333 335 336 336 337 335 334 333 332 330 328 328 329 326 324 324 325 327 329 329 329 329 329 328 326 324 322 321 324 324 320 319 320 321 320 320 321 321 322 321 318 316 311 308 305 304 304 304 304 304 305 305 306 305 309 312 313 318 319 318 316 315 314 313 314 312 311 311 313 318 319 315 311 311 312 314 317 319 317 313 309 304 300 298 297
335 332 333 333 336 338 340 341 339 336 335 333 332 329 327 329 329 327 327 328 328 330 332 332 332 332 331 328 326 326 325 325 324 323 321 320 319 319 320 321 321 321 321 319 318 316 314 312 311 310 309 309 309 310 311 313 313 313 314 316 318 318 317 316 314 313 312 312 313 313 314 316 319 318 312 307 306 309 312 315 317 316 313 310 306 303 300 300
