kuenm_practice/Projection_variables/cc_rcp45/bio_5.asc
NCOLS 360 
NROWS 210 
XLLCORNER -125 
YLLCORNER 20 
CELLSIZE 0.166666666666667 
NODATA_value -32768 
[rows 117 to 155 of 210, columns 88 to 175 of 360]
343 350 353 347 340 330 323 329 331 324 311 309 311 322 319 315 312 286 319 344 345 349 354 356 343 337 333 314 311 320 325 325 331 338 350 357 362 363 358 365 368 369 369 369 368 364 363 365 367 370 372 370 366 368 369 369 372 377 381 383 383 385 385 385 386 384 384 389 392 386 383 381 379 380 379 377 375 372 371 374 376 376 375 373 371 370 370 372
357 361 359 356 346 345 343 333 324 321 321 299 294 308 328 311 274 302 334 349 351 352 361 315 324 325 328 315 315 327 339 346 349 347 352 359 356 353 361 368 368 370 367 366 363 356 355 355 358 362 364 363 365 366 368 369 372 378 380 383 387 388 388 389 392 388 384 385 389 388 385 383 383 382 381 378 378 377 375 375 377 377 374 372 371 370 370 372
365 366 361 359 355 347 337 331 335 329 322 321 304 298 320 327 335 342 346 352 355 358 360 320 319 333 331 317 315 328 337 346 348 352 355 356 358 360 361 364 367 367 366 364 355 354 353 354 357 359 361 364 364 365 368 374 377 382 385 388 390 391 391 391 393 390 388 387 388 389 386 385 385 384 384 381 380 379 376 376 376 375 372 371 369 368 370 371
369 369 365 360 350 335 336 337 333 319 316 317 311 312 322 316 335 348 354 357 356 362 358 326 315 336 335 321 319 328 338 344 348 355 356 353 350 345 357 359 358 351 353 354 354 353 354 355 357 359 361 364 369 371 370 380 379 383 386 390 392 394 395 395 395 394 390 389 388 384 381 385 382 382 382 383 382 380 378 376 373 372 371 370 368 368 369 369
355 362 363 357 352 346 345 335 331 326 321 316 312 319 310 305 321 343 335 351 360 363 358 312 326 339 340 332 326 328 336 342 349 352 357 359 354 347 350 350 351 351 352 353 354 354 355 355 355 356 359 362 363 370 380 383 386 385 389 393 396 397 398 398 398 396 392 392 390 383 382 384 383 381 379 380 381 380 378 375 370 369 370 370 369 368 367 367
343 351 352 353 349 348 343 337 328 323 326 317 316 318 308 309 325 337 337 355 362 364 357 309 329 338 339 331 331 331 335 343 350 354 356 359 358 354 353 354 352 352 353 354 355 354 354 354 355 356 359 362 363 365 372 384 389 392 393 395 397 399 400 400 399 398 396 395 394 393 391 387 385 383 379 380 380 379 378 374 368 366 370 371 370 369 365 365
334 342 336 331 330 335 326 324 327 329 322 316 312 311 309 316 328 340 345 343 363 364 350 338 326 331 333 334 334 330 338 342 347 354 357 358 362 362 360 358 356 353 352 355 357 357 357 356 356 357 359 361 364 363 364 376 385 389 390 392 393 396 398 399 398 398 397 396 398 398 397 392 390 385 382 382 380 379 372 373 370 369 369 372 370 368 365 364
318 324 317 307 301 316 314 306 306 312 308 307 307 303 292 303 309 315 332 349 362 356 339 338 332 336 330 316 324 332 341 348 353 359 363 364 366 362 356 357 360 359 357 357 360 362 360 358 356 357 360 364 365 364 366 376 384 388 392 394 395 396 397 396 396 396 398 398 399 399 397 395 392 387 384 384 383 380 376 375 374 374 373 371 370 369 368 368
333 321 308 285 262 282 293 294 288 295 291 286 291 307 306 314 314 315 314 335 359 351 342 351 337 337 335 326 326 337 348 354 359 363 368 368 370 365 359 356 358 358 358 358 359 359 358 359 357 358 361 364 366 365 366 370 381 386 389 392 393 395 395 398 397 397 396 397 397 398 397 395 392 388 386 386 385 381 378 376 375 374 373 370 369 368 368 368
348 332 323 278 242 258 269 268 293 297 305 300 311 314 314 313 292 307 316 325 360 359 359 352 332 336 344 330 324 335 347 358 364 366 366 369 372 367 358 355 355 353 353 354 356 358 358 359 359 359 362 364 366 367 368 369 376 384 388 390 395 396 397 397 397 397 396 396 397 397 396 394 391 389 387 386 385 382 379 378 377 374 372 369 369 369 368 370
350 341 326 297 279 281 275 291 296 321 296 289 308 300 293 303 302 302 345 358 368 365 364 341 332 345 348 316 318 331 342 356 363 366 372 373 372 366 362 355 353 353 354 355 355 356 358 360 360 361 362 365 366 368 370 371 375 381 385 392 395 396 397 398 398 396 395 395 395 395 395 393 390 388 388 385 381 379 379 378 375 373 370 370 369 369 369 369
340 335 332 315 306 285 298 304 321 307 292 287 293 297 297 302 320 298 348 369 366 366 364 344 353 358 340 309 305 297 314 350 363 367 374 378 371 367 363 357 353 352 353 354 355 356 358 360 360 361 363 366 367 368 371 377 379 384 389 393 396 396 398 399 397 394 391 392 393 394 394 391 388 387 387 384 381 379 379 379 377 373 369 368 368 367 367 368
364 346 324 326 325 322 331 325 343 293 272 291 287 305 293 306 321 342 359 361 364 357 351 357 369 357 311 262 300 313 330 343 359 367 373 377 372 369 363 355 355 354 355 355 356 357 359 361 362 362 363 364 368 373 377 380 383 385 389 392 395 396 398 397 395 393 390 391 390 390 389 388 387 386 386 387 383 380 378 380 380 374 371 369 367 367 368 369
390 370 348 336 336 334 353 340 341 304 281 294 317 313 282 307 335 354 365 361 355 327 337 372 372 363 318 279 276 300 320 335 352 364 370 374 373 371 365 355 355 356 357 358 357 359 361 363 364 364 363 365 366 372 378 381 384 386 388 391 394 395 394 393 393 389 387 389 390 389 387 384 383 384 388 390 383 379 377 378 379 375 374 371 368 368 369 369
359 394 378 354 353 358 366 334 336 347 344 321 319 306 278 304 337 359 364 358 356 333 356 376 374 365 330 268 269 293 314 332 350 362 367 372 373 370 364 356 358 358 358 359 360 362 364 366 367 367 366 366 369 373 378 380 382 384 386 389 391 392 393 392 390 386 386 387 387 387 386 382 382 382 385 386 383 377 377 377 378 375 374 371 370 369 368 369
347 378 395 390 379 377 381 365 331 337 362 337 307 307 308 299 341 362 356 356 362 348 348 378 376 369 336 254 269 296 314 334 348 359 367 371 371 369 365 358 359 359 361 362 363 366 368 370 370 370 370 369 369 375 373 374 376 382 385 388 388 389 390 389 385 381 384 386 387 386 385 384 386 384 381 380 381 379 378 379 380 377 376 373 372 372 371 371
362 343 323 379 393 383 373 379 363 364 348 340 334 329 332 323 344 363 368 362 365 361 345 376 377 375 341 257 268 295 312 331 345 357 364 370 369 370 371 367 362 360 362 364 367 370 372 373 373 373 373 373 374 376 376 375 376 377 382 384 385 385 385 384 381 376 381 385 385 383 381 382 385 387 383 380 379 381 382 382 381 380 378 376 374 374 374 373
339 361 342 352 385 384 372 373 374 369 347 326 345 353 352 340 355 362 357 362 366 365 345 366 377 375 366 317 299 309 322 320 337 352 363 371 373 375 374 371 366 363 365 365 368 371 373 374 375 375 375 373 375 376 377 378 377 375 377 379 381 383 383 382 378 376 381 382 382 378 379 384 384 385 386 382 380 381 382 383 379 381 380 378 377 376 374 373
351 345 366 357 377 388 381 361 374 374 356 343 353 361 364 361 366 365 357 358 364 364 344 371 374 372 361 347 347 337 346 332 324 344 356 365 376 378 377 370 365 366 366 369 369 371 373 374 374 375 376 375 372 372 376 378 378 376 372 374 373 377 378 378 374 374 380 378 377 377 378 378 376 379 381 385 383 383 383 383 380 382 380 379 378 377 374 373
367 351 368 366 346 376 383 373 374 369 376 367 365 368 370 371 372 373 368 364 366 371 348 370 372 370 355 346 355 359 358 367 333 326 347 359 376 381 378 370 367 370 370 372 370 371 371 373 374 374 373 376 374 372 376 377 378 376 370 369 369 369 371 373 372 374 374 374 375 376 377 373 371 375 381 386 385 386 383 382 381 381 379 379 379 378 376 374
370 354 367 369 358 342 351 375 370 364 371 372 368 370 373 373 365 376 370 367 370 373 372 371 372 365 347 348 348 361 367 370 331 312 344 366 375 382 379 375 373 374 378 376 373 370 372 373 374 374 374 374 373 370 372 375 377 380 373 372 375 375 376 374 373 376 376 374 373 376 377 375 374 376 378 382 385 386 383 380 379 378 378 378 378 379 377 375
371 357 351 366 361 334 312 363 361 366 372 366 365 364 374 374 381 381 370 369 374 374 373 367 372 365 346 353 357 364 374 375 341 332 357 366 372 379 385 382 379 377 381 379 374 370 371 373 374 374 375 374 371 369 371 374 372 373 380 379 380 378 379 374 371 377 378 377 372 372 376 378 376 378 379 380 381 383 383 380 379 377 378 379 379 379 378 375
366 363 350 365 357 332 320 360 346 358 370 373 372 373 379 382 386 385 383 380 378 377 374 376 376 373 357 356 365 370 372 375 369 344 353 360 368 378 383 387 386 383 383 382 379 375 373 373 373 374 373 372 371 370 371 374 376 372 371 375 380 381 381 377 374 378 378 377 378 373 373 375 377 379 378 380 382 381 384 381 378 378 379 380 378 376 378 376
358 364 354 368 361 345 356 350 348 338 365 369 380 385 381 388 390 390 389 385 384 382 379 381 385 379 373 358 359 366 365 361 371 355 343 359 366 374 378 384 389 388 385 385 383 380 378 378 374 373 373 372 371 371 372 372 373 374 376 376 381 383 385 384 381 382 381 380 379 378 372 371 374 377 380 377 378 382 384 382 379 379 379 380 377 376 376 376
340 362 346 366 369 362 373 359 351 351 370 370 381 393 390 387 394 394 392 391 389 388 387 384 385 387 381 371 356 359 357 346 340 369 346 354 365 375 380 385 389 391 388 387 385 384 384 382 378 374 373 373 372 372 374 375 376 377 378 381 383 384 385 385 385 384 381 381 381 380 375 373 375 375 379 379 379 379 380 381 380 379 378 378 376 375 375 375
358 356 353 361 372 366 385 369 353 340 375 377 385 395 395 384 392 396 390 394 393 392 389 382 370 378 379 380 369 354 352 341 339 365 360 350 365 372 377 383 389 389 386 386 387 386 386 385 374 375 373 370 370 370 370 370 373 376 378 378 377 380 378 378 379 378 376 377 379 380 379 373 375 376 378 378 377 378 379 380 380 379 377 378 377 374 374 375
359 357 349 364 377 385 396 360 336 357 373 386 395 400 399 382 387 393 395 391 396 394 387 381 371 369 354 374 374 357 359 354 350 366 365 351 354 355 370 379 384 383 383 383 384 385 384 384 382 377 370 369 366 368 368 370 371 372 374 374 372 373 374 374 375 376 377 377 375 374 375 374 373 376 376 376 376 378 379 378 379 379 377 377 377 375 375 376
358 361 339 368 381 376 402 363 356 377 384 390 396 396 389 370 382 395 394 393 396 394 388 386 375 361 357 351 364 368 357 335 357 359 359 349 334 332 358 367 375 375 377 377 380 378 376 376 375 373 374 370 368 369 368 370 371 371 372 373 373 374 374 374 374 373 372 373 373 375 375 374 368 371 374 375 375 378 379 378 378 378 377 375 376 376 376 375
367 370 370 364 377 384 390 394 361 368 373 381 382 387 389 367 378 389 392 392 395 389 393 388 376 365 359 348 338 351 355 345 362 360 355 347 327 321 327 341 354 366 369 369 369 370 368 363 364 367 372 373 368 369 368 369 372 373 372 373 372 372 371 371 373 374 373 376 380 382 381 378 368 368 372 373 374 377 377 377 375 376 378 375 375 375 374 372
375 373 379 356 365 397 366 362 386 359 336 355 367 376 379 360 366 385 388 386 391 390 391 384 372 363 356 354 348 349 352 349 373 363 356 347 329 324 333 336 345 359 359 353 354 357 359 361 365 368 369 370 370 369 368 370 373 374 374 372 370 372 374 375 376 372 372 373 374 376 376 378 375 370 370 373 375 376 376 374 373 374 376 376 375 374 372 370
376 385 376 368 363 399 385 353 394 369 333 331 342 360 368 364 372 382 383 384 383 387 389 382 368 363 350 356 355 351 351 349 367 353 340 345 341 337 333 336 344 345 334 333 340 346 351 357 362 366 370 372 370 371 371 372 374 375 372 370 370 370 372 373 368 366 362 363 361 366 370 368 372 375 374 372 375 377 375 372 373 375 377 377 375 373 370 369
386 363 372 381 361 395 394 369 389 357 325 325 337 355 360 365 376 378 377 375 379 381 383 378 367 361 354 350 355 353 351 350 357 347 338 337 343 347 340 329 326 336 343 343 337 343 352 356 364 369 372 373 374 372 373 374 375 372 370 368 367 367 367 363 363 360 359 361 363 365 367 368 370 367 370 376 378 377 373 372 373 376 377 379 377 373 368 366
396 375 387 397 367 400 407 372 353 351 340 328 326 339 339 361 372 371 372 369 372 364 359 369 370 361 361 357 355 352 350 349 356 351 348 336 339 350 345 333 337 350 354 350 346 354 360 364 369 374 377 374 377 375 374 375 373 372 370 365 363 362 360 358 358 360 361 360 360 361 361 365 366 367 371 374 375 376 374 373 373 374 376 378 375 371 366 364
402 377 386 409 387 399 406 386 356 338 344 315 307 329 329 334 363 360 362 364 364 365 355 355 356 356 356 361 362 359 360 366 376 385 381 347 354 361 355 356 354 354 364 354 360 365 373 379 380 378 380 380 380 380 378 378 376 373 366 366 362 363 359 356 354 356 359 362 362 365 367 368 369 369 373 375 376 374 372 373 374 373 374 374 372 369 365 361
392 402 382 398 418 397 414 398 383 330 332 316 307 318 327 327 333 352 340 352 347 356 350 345 348 354 351 356 357 352 354 362 367 371 403 390 376 377 367 370 362 357 367 378 375 371 373 372 375 384 383 384 384 384 380 379 378 373 368 367 362 367 359 360 359 358 363 366 363 361 364 366 368 373 375 377 378 374 373 372 371 372 372 370 368 365 362 359
392 408 395 403 423 407 407 404 395 374 333 307 313 304 311 325 319 341 328 343 325 325 342 344 346 356 358 353 351 339 348 360 384 385 407 410 403 379 356 364 373 365 372 374 377 376 359 360 367 375 377 379 381 384 386 383 382 377 374 368 367 367 366 365 365 365 367 367 368 367 369 370 372 374 376 377 377 375 373 370 370 369 368 368 365 363 360 357
406 398 407 416 424 395 417 411 407 382 343 329 314 304 313 321 315 337 327 334 328 313 320 342 347 357 364 361 352 340 354 368 383 372 391 404 403 380 363 364 381 365 366 368 364 380 358 357 346 357 371 376 379 384 385 386 384 381 378 374 372 373 371 372 373 373 374 374 374 375 376 376 375 375 374 376 377 375 372 370 368 367 366 365 363 361 358 355
408 403 396 429 424 408 417 399 392 364 363 319 305 298 306 317 310 333 326 330 330 322 311 333 344 347 367 366 361 354 362 377 378 370 359 388 380 359 377 391 394 370 339 383 376 337 344 354 342 343 354 365 375 381 383 385 386 384 381 378 376 377 377 377 378 377 377 377 377 379 378 378 377 376 375 376 376 375 372 369 368 365 363 362 360 358 355 352
396 405 398 416 411 425 425 389 368 383 356 323 321 298 309 314 320 333 320 325 324 321 311 333 345 344 368 360 362 355 366 379 368 370 369 366 350 340 364 386 379 390 384 387 381 337 313 344 329 311 340 358 365 377 383 386 386 387 385 382 382 382 382 381 380 381 381 381 381 379 378 378 378 377 377 375 373 373 371 368 365 362 360 358 356 354 351 349
