kuenm_practice/Projection_variables/cc_rcp45/bio_15.asc
NCOLS 360 
NROWS 210 
XLLCORNER -125 
YLLCORNER 20 
CELLSIZE 0.166666666666667 
NODATA_value -32768 
[rows 40 to 79 of 210, columns 184 to 275 of 360]
91 92 93 92 92 92 92 93 94 95 94 93 92 90 89 87 86 87 87 88 88 87 87 87 87 86 84 82 82 80 80 79 78 79 79 79 79 80 80 81 81 82 82 82 83 84 84 84 85 89 93 94 95 96 97 98 100 99 99 98 96 95 93 92 90 89 87 86 85 85 84 83 85 86 88 90 92 93 93 92 90 90 90 90 90 91 93 95 97 99 102 104
90 91 92 92 92 92 92 93 94 94 95 95 94 92 91 89 88 88 88 89 89 88 88 87 87 86 84 83 81 79 78 78 78 78 79 78 79 79 80 80 81 81 81 82 82 83 83 84 85 86 89 92 94 96 97 99 101 101 101 99 99 97 96 94 92 90 88 86 86 85 85 84 85 87 89 90 92 93 93 93 91 89 90 90 90 91 92 93 96 98 101 104
90 91 91 91 92 92 92 93 93 94 95 95 95 95 92 91 90 90 89 89 90 89 89 88 87 85 83 80 78 78 78 78 78 77 77 78 78 78 79 80 80 81 81 82 83 83 84 84 84 85 86 88 90 92 93 95 98 101 101 101 100 98 97 95 94 91 88 88 87 86 86 85 86 87 89 90 91 92 93 92 92 90 90 90 90 90 89 91 94 98 101 104
89 91 92 92 92 92 92 93 93 94 95 96 96 95 94 92 92 91 90 90 89 88 86 84 82 80 79 78 78 77 77 77 77 76 76 77 77 78 79 79 80 81 82 82 83 84 83 83 84 85 86 88 88 90 91 93 98 101 101 101 100 99 97 96 94 92 89 89 88 87 87 86 87 88 89 90 91 92 93 93 92 91 91 90 90 89 89 89 92 96 101 104
90 92 93 93 93 92 92 93 93 94 95 95 95 94 94 93 93 93 92 90 87 85 83 82 81 80 79 79 78 78 78 77 76 76 76 77 77 77 78 79 80 81 83 83 84 84 85 84 84 85 86 86 87 89 90 92 97 99 99 101 101 100 97 97 95 94 92 91 90 90 89 88 88 88 89 91 92 93 94 93 93 92 92 92 90 90 90 90 91 95 100 104
90 92 93 93 94 93 93 94 94 94 94 93 92 92 92 93 93 92 90 88 86 85 84 83 82 81 80 80 79 79 79 78 78 77 79 81 81 79 79 79 81 82 83 84 85 85 85 85 86 85 85 86 87 88 89 91 92 95 99 100 100 99 98 98 97 96 94 93 92 92 91 90 89 88 90 92 95 95 95 95 94 95 94 93 91 90 91 92 92 94 99 103
90 92 92 93 93 93 93 93 93 93 93 92 91 91 91 92 92 91 89 88 87 87 86 85 84 83 82 82 81 81 80 80 79 78 82 85 80 78 78 80 81 82 84 85 85 86 86 86 86 86 85 86 87 87 88 89 91 92 96 100 100 99 99 99 99 98 96 95 94 94 94 92 90 89 91 94 96 97 97 97 96 96 95 94 91 92 92 93 94 94 99 103
91 92 93 93 93 93 93 93 93 93 93 92 91 90 92 93 92 91 90 90 90 89 88 86 85 84 84 83 83 83 82 81 81 83 81 79 78 78 80 80 82 83 84 86 87 87 87 87 86 85 86 86 86 87 88 88 90 92 98 98 100 100 100 100 100 99 98 97 96 96 96 95 93 93 94 96 97 98 99 99 97 96 94 94 93 93 93 93 94 94 99 103
92 93 93 94 94 94 95 95 95 95 94 93 91 92 92 91 91 92 91 92 93 91 90 88 87 86 86 85 85 85 84 85 86 86 82 80 80 80 81 82 83 84 85 86 87 88 88 87 86 86 86 86 86 87 87 88 89 90 92 95 100 102 101 101 101 99 99 99 99 99 99 98 97 96 96 97 98 99 99 99 98 97 95 95 96 95 95 95 95 96 98 102
93 93 93 94 95 96 97 96 96 96 95 93 91 91 90 90 91 93 94 95 94 92 92 90 89 89 89 92 90 90 89 90 90 88 86 85 87 86 86 85 84 85 86 87 88 89 89 88 86 86 86 86 87 87 88 88 88 90 92 94 98 101 101 100 100 100 101 101 102 101 102 101 100 99 99 98 99 99 99 99 98 97 96 95 96 96 96 96 97 97 99 101
93 93 94 95 96 97 98 98 98 98 96 93 89 89 88 89 91 93 95 95 93 93 94 93 93 94 96 96 96 95 94 93 94 94 93 93 92 90 88 88 88 87 87 88 89 90 90 89 89 89 89 88 88 89 89 89 90 91 93 96 97 98 99 100 100 100 101 101 102 103 103 102 101 100 99 99 99 98 97 97 97 98 97 96 96 96 97 98 99 100 99 100
94 95 96 97 99 100 100 100 100 99 97 95 93 91 89 89 90 93 95 95 96 96 97 98 98 99 100 100 100 99 98 99 99 98 97 96 94 92 90 88 89 90 90 91 91 92 92 90 89 89 89 89 89 90 91 92 94 95 96 95 96 96 97 97 98 98 98 100 101 104 104 102 100 99 98 98 97 97 96 96 96 97 97 96 96 97 97 98 100 102 100 99
95 97 99 100 101 102 102 102 101 101 99 97 95 92 89 88 90 95 98 99 100 100 101 101 102 102 103 104 104 103 103 103 103 101 99 97 95 93 92 90 89 90 92 92 92 91 91 90 89 89 89 90 90 91 93 95 96 97 99 99 97 97 97 96 95 95 96 97 98 100 100 99 98 96 96 95 96 96 95 96 96 96 96 96 96 96 97 98 98 98 98 97
97 100 102 104 104 104 104 103 103 102 101 98 96 94 92 92 93 98 100 101 102 102 102 103 102 103 105 106 106 106 106 107 106 103 100 98 96 95 94 93 92 92 94 94 92 92 92 90 89 89 91 91 91 92 94 95 97 98 99 100 99 97 96 95 94 94 94 94 95 95 96 95 95 94 94 93 93 94 94 94 94 94 95 96 97 97 98 99 100 99 100 99
100 103 105 107 107 106 105 105 105 104 103 100 99 97 97 96 98 101 102 103 103 103 103 103 103 104 105 106 106 106 106 108 106 103 101 99 98 97 96 95 95 94 94 94 92 91 90 90 88 89 91 92 92 93 94 95 97 98 98 98 97 96 95 94 94 94 92 93 93 93 93 95 93 92 92 90 90 91 91 92 93 94 95 98 101 103 102 101 101 101 101 99
104 107 108 109 109 108 107 107 107 107 106 104 102 102 101 101 102 104 103 103 104 104 103 103 103 104 104 105 106 106 107 106 106 103 101 100 99 98 96 96 96 96 94 92 91 90 89 89 88 90 91 93 94 94 95 96 97 98 97 97 96 94 93 92 91 91 90 90 90 90 91 91 90 91 90 89 88 88 89 90 92 96 101 106 110 112 112 110 105 100 99 99
108 109 110 110 110 110 109 109 109 109 109 108 107 106 105 103 103 105 103 103 104 103 104 103 103 103 102 103 105 106 106 105 104 102 101 100 98 98 96 96 96 95 93 91 90 89 88 88 89 90 93 94 95 96 96 99 100 99 97 96 95 93 91 90 89 88 87 87 88 88 88 87 87 87 86 86 85 86 89 93 97 102 107 113 119 123 122 118 111 105 100 97
110 110 110 110 110 110 111 111 111 111 111 110 109 108 107 105 105 104 103 103 103 102 103 103 103 102 101 102 104 105 105 105 104 102 101 99 97 96 95 95 94 93 92 91 89 89 87 87 90 92 94 95 96 97 98 100 101 99 97 96 94 92 89 87 86 85 84 85 85 86 85 85 85 84 83 83 86 89 93 98 102 107 113 119 127 133 132 124 117 109 102 98
110 109 109 110 110 110 111 111 113 113 112 111 111 110 108 107 106 105 105 105 104 104 104 104 103 102 101 101 103 104 105 105 105 102 100 98 96 95 93 93 92 91 91 90 88 88 87 89 92 94 96 97 98 99 100 103 103 101 98 94 92 89 88 87 85 83 82 82 83 83 84 84 83 82 83 85 88 93 97 101 106 111 116 122 129 136 134 127 120 113 105 101
109 108 108 109 111 110 110 111 112 112 112 112 111 110 108 108 107 106 105 105 105 105 104 104 103 102 102 102 103 104 105 104 103 101 99 97 95 93 92 91 90 90 90 90 88 88 89 91 93 96 97 98 99 100 102 103 103 101 96 92 89 88 87 86 85 82 80 80 81 82 82 82 82 82 85 88 91 96 101 105 109 113 117 121 126 129 128 124 119 115 109 103
108 106 107 109 109 108 107 110 111 110 111 111 111 109 107 106 105 104 104 104 104 104 103 103 102 102 102 102 102 103 104 103 102 100 97 96 94 91 90 89 89 89 89 89 88 89 91 93 95 98 100 101 99 100 102 103 101 96 94 92 91 89 87 86 85 82 80 79 80 81 81 81 81 84 88 91 95 99 105 109 111 113 115 118 120 121 120 117 114 110 106 101
108 108 108 108 108 107 107 108 106 106 108 108 109 107 105 103 102 103 102 102 101 101 102 102 101 100 100 100 100 102 102 102 100 98 96 94 92 90 88 88 89 89 88 88 89 91 93 95 97 100 102 102 99 101 102 102 99 95 93 91 91 90 88 86 84 82 80 78 79 80 81 81 82 86 90 94 97 101 106 111 112 112 112 113 113 114 112 110 106 103 100 97
108 108 108 107 106 106 107 107 106 105 104 105 105 105 104 102 101 101 101 101 100 100 100 100 99 99 98 98 98 100 100 99 98 96 94 93 91 88 88 88 88 88 87 89 90 92 94 96 99 102 102 103 102 102 102 100 98 95 92 91 90 89 88 86 83 80 78 78 79 80 80 80 84 89 93 96 99 102 106 110 111 111 110 108 106 105 104 103 100 96 93 91
109 110 109 106 104 103 103 105 106 108 106 105 104 104 104 102 101 99 100 100 100 99 99 99 98 97 97 96 96 98 98 97 96 95 94 93 90 88 88 88 87 86 88 89 91 93 95 97 100 102 103 105 104 103 101 99 95 92 90 90 90 88 86 84 81 78 78 78 79 80 81 81 86 91 96 100 103 105 108 109 109 109 108 108 105 100 96 94 91 87 86 86
109 110 109 107 105 103 103 106 107 108 108 105 105 105 103 101 99 99 100 101 99 99 99 100 98 98 97 96 96 97 96 95 94 93 93 92 91 89 89 87 85 87 88 90 92 94 95 97 100 102 104 106 106 105 102 98 94 91 90 90 89 88 86 83 81 79 79 80 80 81 81 83 88 93 98 103 109 112 111 109 107 106 106 105 103 96 91 87 86 85 86 86
110 110 110 109 107 106 105 107 107 108 108 106 106 105 104 100 99 99 98 99 99 100 101 100 100 99 98 97 96 96 96 94 92 92 92 91 92 91 90 87 86 88 89 90 92 93 95 97 99 102 104 105 105 104 101 97 94 92 91 90 89 88 86 84 83 81 81 81 82 82 82 84 88 93 99 106 115 119 115 111 106 104 104 102 100 95 88 87 86 86 87 87
112 113 113 112 110 109 108 108 108 108 108 107 107 106 104 103 102 100 97 98 99 100 102 102 102 100 99 98 97 97 97 96 95 94 92 91 95 97 96 92 90 90 90 91 91 92 94 95 97 100 104 103 103 102 100 96 94 91 90 89 89 88 87 86 85 84 83 83 84 84 83 84 88 93 98 106 118 122 116 112 107 103 101 99 97 95 92 88 87 86 85 84
114 116 116 115 114 113 111 109 108 110 110 109 107 106 104 103 102 101 97 98 101 103 103 104 103 102 100 99 97 97 98 98 98 97 94 94 98 101 99 95 92 91 90 91 91 92 92 94 96 99 101 101 101 98 98 94 91 88 88 88 87 88 88 87 86 85 85 85 85 85 83 82 86 90 95 101 111 116 114 110 106 102 99 98 97 96 91 88 86 85 84 83
113 116 117 117 117 115 112 109 109 110 111 109 108 105 105 104 104 102 97 97 100 101 102 103 102 101 100 100 98 96 97 99 99 99 98 98 98 99 98 94 92 91 90 91 91 91 91 93 94 96 98 99 98 97 96 94 90 87 86 86 87 88 89 89 88 88 86 85 84 83 81 80 82 87 92 98 105 110 110 107 103 100 96 96 95 94 90 88 85 84 85 85
111 114 116 117 118 116 114 111 110 111 111 110 108 105 104 105 103 101 97 97 99 99 100 100 100 100 99 100 99 97 96 98 98 99 100 100 98 95 94 91 91 90 90 89 89 90 90 90 91 93 95 97 97 96 95 92 90 88 86 86 87 88 89 89 88 88 86 84 82 81 79 79 81 83 89 95 101 105 107 105 101 98 96 95 94 92 90 86 85 85 86 87
111 112 114 116 118 117 116 114 113 112 112 111 109 107 106 105 104 102 98 98 99 100 99 98 97 97 97 99 99 98 97 96 97 100 99 98 96 93 91 89 88 89 89 89 89 88 88 88 88 90 93 96 97 96 94 93 90 88 87 85 85 86 86 86 86 86 83 81 79 78 79 79 80 82 86 92 99 103 104 103 100 96 95 94 93 92 89 86 86 87 88 90
113 113 114 116 117 119 118 116 115 115 114 112 111 108 107 106 104 102 101 101 101 101 101 101 100 100 100 101 100 98 98 98 101 103 101 99 97 94 91 92 92 92 91 91 90 90 89 88 86 88 92 94 94 95 94 93 91 88 86 85 84 83 82 82 82 82 82 81 79 79 79 79 81 85 87 93 98 102 104 103 99 95 96 97 97 95 93 89 90 92 96 95
113 114 114 115 117 119 118 116 115 115 114 112 110 109 109 107 106 105 105 103 104 103 103 103 103 103 102 103 101 100 100 101 103 105 104 102 99 96 96 96 96 95 94 93 92 91 91 90 89 90 91 92 92 93 93 92 89 87 85 84 84 83 82 82 83 84 84 83 82 81 80 80 82 85 88 94 98 101 104 103 100 99 99 101 102 100 96 92 91 97 102 103
114 115 115 116 118 119 119 116 115 115 113 111 111 109 109 110 109 108 107 106 105 104 103 104 103 103 103 103 102 102 103 104 106 107 108 107 105 102 100 100 99 98 97 96 95 94 93 93 93 94 94 94 94 91 91 90 89 86 84 83 83 83 82 83 83 84 85 84 83 82 81 81 83 85 90 95 98 101 102 102 101 101 102 104 104 101 98 96 95 97 101 104
116 116 115 116 118 119 119 117 115 113 112 111 111 109 109 110 112 112 110 109 108 105 105 105 105 104 103 103 103 103 104 105 107 109 110 110 109 107 104 101 101 99 99 98 97 96 95 95 95 96 96 96 95 94 91 90 88 86 84 83 82 82 82 83 83 84 84 83 84 82 81 82 84 86 93 97 99 100 100 100 100 100 101 102 102 101 99 97 96 96 98 102
117 117 116 118 119 119 119 117 114 112 112 111 109 108 108 110 112 112 111 110 109 108 106 105 105 105 105 103 103 103 105 106 109 110 112 112 110 109 106 103 101 101 101 100 99 98 97 97 97 98 98 97 97 97 94 92 90 89 87 85 85 85 85 86 85 83 83 85 86 85 84 85 86 87 94 96 97 99 99 100 100 100 100 101 101 100 99 98 99 101 108 112
115 117 117 118 119 119 117 115 114 112 111 110 109 108 108 109 110 111 111 110 109 108 108 107 105 106 105 103 102 103 106 108 109 111 111 112 111 110 107 105 103 102 102 101 101 101 100 99 99 99 99 99 99 97 96 95 94 92 90 87 88 88 88 89 87 85 85 87 88 88 86 86 87 87 91 94 96 97 97 98 98 98 99 99 99 99 99 104 110 114 117 113
113 116 118 119 118 117 116 114 112 112 112 110 109 108 108 110 111 111 110 110 109 107 108 108 107 106 106 106 106 107 107 109 111 112 113 113 112 111 110 108 106 104 103 103 103 102 102 102 102 102 101 102 102 100 100 100 100 98 95 92 92 92 91 88 87 86 87 88 89 88 87 87 87 87 90 92 93 95 96 96 96 97 97 97 98 102 107 111 114 113 111 110
112 114 117 117 116 116 114 113 112 111 111 110 109 109 110 110 111 110 109 109 107 106 107 108 109 108 107 108 109 108 108 109 111 114 114 114 114 113 112 110 107 105 104 104 104 105 105 105 104 104 102 103 103 103 102 103 103 102 100 96 93 93 91 88 87 86 86 88 89 87 87 87 86 86 88 90 91 92 94 95 96 98 99 101 104 107 109 113 115 115 115 115
111 112 114 114 114 113 111 111 110 110 110 108 108 108 109 109 110 110 109 108 107 105 105 106 107 107 107 108 108 108 108 109 111 112 112 114 114 113 113 110 108 106 105 106 106 108 108 108 107 106 103 103 103 103 103 103 104 102 100 97 95 93 91 89 88 87 88 89 88 88 88 88 88 87 87 88 89 90 93 98 99 101 103 105 108 111 114 116 118 118 119 118
