kuenm_practice/Projection_variables/cc_rcp45/bio_1.asc
NCOLS 360 
NROWS 210 
XLLCORNER -125 
YLLCORNER 20 
CELLSIZE 0.166666666666667 
NODATA_value -32768 
[rows 0 to 38 of 210, columns 176 to 263 of 360]
4 4 3 3 3 3 2 2 1 1 0 0 -1 -2 -2 -3 -4 -4 -5 -5 -5 -6 -6 -6 -6 -6 -6 -7 -7 -7 -7 -8 -8 -8 -8 -8 -8 -8 -8 -8 -8 -8 -8 -8 -8 -8 -8 -8 -8 -8 -8 -9 -9 -9 -9 -9 -8 -8 -8 -8 -8 -8 -8 -8 -8 -8 -8 -8 -8 -8 -8 -8 -8 -8 -8 -8 -8 -8 -7 -7 -7 -32768 -32768 -32768 -32768 -32768 -32768 -32768
6 6 5 5 5 4 4 4 4 3 2 2 1 0 0 -1 -2 -3 -3 -4 -4 -4 -5 -5 -5 -5 -6 -6 -6 -6 -7 -7 -7 -7 -7 -7 -7 -7 -7 -7 -7 -7 -7 -7 -7 -7 -6 -6 -6 -6 -6 -7 -7 -7 -7 -7 -7 -7 -7 -7 -7 -7 -8 -8 -9 -9 -8 -8 -8 -8 -7 -7 -7 -7 -7 -6 -6 -6 -6 -6 -6 -32768 -32768 -32768 -32768 -32768 -32768 -32768
8 8 8 7 7 7 7 6 6 5 4 3 2 2 1 0 -1 -1 -1 -2 -2 -3 -3 -4 -5 -5 -5 -5 -6 -6 -6 -6 -6 -6 -6 -6 -6 -6 -6 -6 -6 -6 -6 -7 -6 -6 -5 -5 -5 -5 -5 -5 -5 -5 -6 -6 -5 -6 -6 -6 -6 -6 -7 -8 -9 -8 -8 -8 -8 -7 -7 -6 -6 -6 -6 -5 -5 -5 -5 -5 -5 -32768 -32768 -32768 -32768 -32768 -32768 -32768
9 9 9 9 9 9 9 8 7 6 5 5 4 4 2 1 1 1 0 0 -2 -2 -3 -3 -4 -4 -4 -5 -5 -5 -5 -5 -5 -5 -5 -5 -5 -4 -4 -5 -5 -5 -5 -5 -5 -5 -5 -4 -3 -3 -3 -3 -4 -4 -4 -4 -4 -4 -4 -5 -4 -5 -6 -6 -7 -7 -8 -7 -7 -7 -6 -6 -5 -5 -5 -4 -4 -3 -3 -3 -4 -32768 -32768 -32768 -32768 -32768 -32768 -4
11 11 11 11 11 11 10 9 8 8 7 7 6 4 3 3 2 2 2 1 -1 -1 -2 -2 -2 -3 -3 -4 -4 -4 -4 -4 -4 -4 -4 -4 -4 -4 -3 -3 -3 -3 -3 -3 -3 -3 -3 -3 -2 -1 -1 -2 -2 -3 -3 -3 -3 -3 -3 -3 -3 -4 -4 -5 -5 -6 -6 -6 -6 -6 -5 -4 -4 -4 -3 -3 -3 -2 -2 -2 -32768 -32768 -32768 -32768 -32768 -32768 -32768 -32768
12 12 12 12 12 12 12 11 10 9 9 8 7 6 5 4 4 3 3 2 1 1 0 0 -1 -2 -2 -2 -2 -3 -3 -3 -3 -4 -4 -3 -3 -3 -3 -2 -2 -2 -2 -1 -1 -1 -1 -1 0 0 0 0 0 -1 -1 -1 -2 -2 -1 -1 -2 -2 -3 -3 -3 -3 -4 -4 -5 -6 -4 -4 -3 -3 -3 -2 -1 -1 -1 0 0 -32768 -32768 -32768 -32768 -32768 -32768 -32768
13 13 13 14 14 14 14 12 11 11 10 9 8 7 6 5 5 5 4 4 2 2 1 1 0 0 0 -1 -1 -1 -2 -2 -2 -2 -3 -3 -2 -3 -2 -2 -1 -1 -1 0 0 0 1 1 1 1 1 2 1 1 1 0 0 0 0 0 0 0 -1 -1 -1 -1 -2 -2 -2 -2 -2 -2 -2 -2 -1 -1 0 0 0 0 1 1 -32768 -32768 -32768 -32768 -32768 -32768
15 15 15 15 16 16 16 15 14 13 12 11 10 9 8 7 6 6 5 5 4 4 3 3 2 1 1 1 1 0 0 0 0 0 -1 -1 -1 -1 -1 -1 -1 0 0 0 1 1 1 2 2 2 2 2 2 2 2 2 2 1 1 1 1 1 1 1 1 1 0 0 0 0 0 0 0 0 0 0 1 1 1 2 2 2 -32768 -32768 -32768 -32768 -32768 -32768
16 16 16 16 16 16 16 16 15 14 13 11 11 10 9 9 8 7 6 6 5 4 4 4 3 3 3 2 2 1 1 1 1 0 0 0 0 0 0 1 1 1 2 2 2 2 3 3 3 3 3 3 3 3 3 3 3 3 3 3 3 2 2 2 2 2 2 2 2 2 2 2 2 2 2 2 2 2 3 3 3 -32768 -32768 -32768 -32768 -32768 -32768 -32768
17 16 17 17 17 16 16 16 16 15 14 13 12 11 10 9 8 8 7 7 6 5 5 5 5 4 4 4 3 3 2 2 1 1 1 2 2 2 2 3 2 3 3 3 3 4 3 4 4 4 4 4 4 4 4 4 4 4 4 4 4 4 3 3 3 3 3 3 3 3 3 3 3 3 3 4 4 4 4 4 4 5 -32768 -32768 -32768 -32768 -32768 -32768
17 17 17 17 17 17 17 17 16 16 15 15 14 13 12 11 10 10 9 9 9 8 8 6 6 6 5 5 5 4 3 2 2 3 3 3 2 3 3 3 3 3 3 4 4 4 4 4 5 5 5 5 5 5 5 5 5 5 5 5 6 5 5 5 5 5 4 4 4 4 4 5 5 5 5 5 5 5 6 6 6 6 -32768 6 6 5 5 5
19 19 19 19 19 18 18 18 17 17 16 16 15 15 14 13 13 12 12 11 11 10 9 8 7 7 6 6 6 5 4 3 4 5 5 5 4 5 5 5 5 5 5 6 6 6 6 6 6 6 6 6 6 6 6 6 7 6 7 7 7 7 6 6 6 6 6 6 6 6 6 6 7 7 7 7 7 7 7 8 8 8 7 7 6 6 6 6
20 20 20 20 19 19 19 18 18 18 18 17 16 16 15 15 14 14 13 12 12 11 11 10 10 9 8 7 7 7 6 5 5 6 6 6 6 7 7 7 7 7 7 7 8 8 8 8 8 8 8 8 7 7 8 8 8 8 8 8 8 8 8 8 7 7 7 8 8 8 8 8 8 8 9 9 9 9 9 9 9 9 8 7 7 7 6 6
22 21 21 21 20 20 20 20 19 19 18 17 17 17 16 15 15 14 14 13 12 12 12 11 10 10 9 8 9 8 8 8 8 8 8 7 7 7 7 7 8 8 9 9 9 9 9 9 9 9 9 9 9 9 9 9 9 9 9 8 8 8 8 8 8 8 8 9 9 9 9 9 9 10 10 10 10 10 10 10 10 10 10 -32768 -32768 -32768 8 7
23 23 22 22 22 21 21 21 20 20 19 19 18 18 17 17 16 15 15 15 14 13 12 11 11 10 10 9 9 9 9 9 9 9 8 8 8 7 7 7 8 9 9 9 10 10 10 10 10 10 10 10 10 10 10 10 10 10 10 9 9 9 8 10 10 9 9 9 9 10 10 11 11 11 11 12 12 12 12 12 12 11 11 11 12 -32768 -32768 -32768
25 24 24 23 23 22 22 21 21 20 20 19 19 18 18 18 17 16 16 15 14 14 13 12 12 11 10 10 9 9 9 9 10 9 9 9 9 9 9 9 9 10 10 11 11 11 11 11 11 11 11 11 11 11 11 11 11 11 10 10 10 10 10 10 10 10 10 10 11 11 12 13 13 13 13 13 13 13 13 13 13 13 13 12 12 -32768 -32768 -32768
26 26 25 25 24 23 23 23 22 21 20 20 19 19 18 18 18 17 17 16 15 15 13 13 12 12 12 12 11 11 11 11 11 11 11 11 11 11 11 11 12 12 12 13 13 13 14 13 13 12 12 12 12 12 13 13 12 11 12 11 11 11 11 11 11 11 11 12 12 13 13 14 14 14 14 14 14 14 14 14 14 14 14 14 14 14 -32768 -32768
28 28 27 26 26 26 25 25 24 23 22 22 20 20 20 19 19 18 18 17 16 15 14 14 14 14 14 13 13 12 12 12 11 11 12 12 12 12 12 12 12 13 13 13 13 14 14 14 14 14 14 14 13 13 13 14 13 13 13 12 12 12 12 12 13 13 13 14 14 15 15 15 15 15 16 16 16 16 16 16 16 16 15 15 15 15 15 15
30 30 29 28 27 27 26 25 25 25 24 23 23 22 22 21 21 20 20 18 17 17 16 15 15 15 15 15 14 14 13 12 12 13 12 12 12 13 13 13 13 13 13 13 14 14 14 14 14 14 14 14 14 14 14 14 15 15 15 14 14 14 14 14 15 15 15 16 16 16 17 17 17 17 17 17 18 18 18 17 17 17 17 16 16 16 16 16
31 31 30 29 29 28 27 26 26 26 26 25 24 24 24 23 23 22 21 20 19 19 19 18 17 17 16 16 16 15 15 15 15 14 14 14 13 13 13 13 13 12 14 14 14 15 14 14 14 14 14 15 15 15 15 16 16 16 16 16 16 16 16 16 15 15 16 17 17 18 18 19 19 19 19 19 19 19 19 19 19 19 18 18 17 17 17 17
33 32 32 30 30 29 29 28 27 26 26 25 24 24 24 24 24 23 22 21 21 21 21 19 19 19 18 18 18 17 17 16 16 16 16 14 14 14 14 14 14 14 15 15 16 16 16 16 15 15 15 15 16 16 17 17 17 18 18 18 17 17 17 17 17 17 17 18 19 19 19 20 20 20 21 21 21 21 21 21 20 20 20 19 19 19 18 18
35 34 33 32 32 31 30 29 27 27 26 26 26 25 25 24 24 24 24 24 24 23 23 22 21 20 20 20 19 18 18 17 17 16 16 15 14 15 15 15 14 15 16 16 17 17 17 17 17 17 17 17 17 17 17 18 18 18 18 18 19 19 19 19 18 18 19 20 20 20 21 21 22 22 22 22 22 22 22 22 22 21 21 21 21 21 20 20
37 36 35 35 34 34 33 31 30 29 29 29 27 28 28 27 27 27 26 26 25 25 24 24 23 22 22 21 20 20 19 19 18 18 17 17 17 16 16 16 15 15 17 17 17 18 17 18 18 18 18 18 18 18 18 19 19 19 19 19 19 19 19 20 20 20 21 22 22 22 22 22 22 23 23 23 23 23 23 23 23 23 24 23 23 23 23 22
39 38 37 36 36 34 34 33 32 31 31 31 30 30 30 30 29 29 28 28 27 26 25 25 25 24 23 23 22 22 21 20 19 19 18 18 17 16 16 16 16 16 16 16 17 18 18 18 18 18 18 18 18 18 19 19 20 20 20 21 20 20 20 21 22 22 23 23 23 23 23 23 24 24 24 24 24 24 25 25 25 25 25 26 26 25 25 24
41 40 39 38 37 36 35 34 33 33 32 33 33 33 33 33 32 31 31 29 29 28 28 27 26 26 25 24 23 22 21 21 20 19 19 18 18 18 17 16 17 16 17 17 17 18 19 18 18 18 18 18 18 18 19 19 20 21 21 22 22 22 22 23 24 24 25 24 24 24 24 24 25 24 24 24 24 26 26 27 27 27 28 28 28 27 27 26
43 42 41 40 39 38 37 37 36 36 36 36 36 37 36 35 34 33 32 31 30 30 30 29 28 27 26 25 24 23 22 21 20 20 19 19 19 19 18 18 17 17 18 18 19 19 19 19 19 19 19 20 19 19 20 20 20 21 22 22 23 23 24 24 24 24 25 26 26 26 25 25 25 24 24 24 25 26 28 29 30 30 30 30 30 29 28 27
46 44 43 42 41 40 39 40 39 38 39 39 39 39 39 38 37 36 34 34 33 33 33 31 29 28 27 26 25 24 23 22 21 21 21 21 20 20 19 18 17 17 18 19 19 19 20 20 20 20 19 19 19 20 20 20 21 22 22 23 24 24 24 24 25 25 26 27 27 27 26 26 26 25 25 25 26 28 31 32 32 32 32 32 31 31 29 28
47 46 45 44 43 43 43 43 43 42 42 42 41 41 41 40 40 39 38 37 36 36 35 33 31 30 29 27 26 24 24 23 22 22 21 21 21 21 20 19 18 19 20 20 20 20 21 21 20 21 20 20 20 20 20 20 21 22 23 24 25 25 25 25 26 26 27 28 28 28 27 26 26 26 27 27 29 31 33 34 34 34 34 34 33 31 29 27
48 47 46 46 46 46 45 46 45 46 46 45 43 42 42 42 41 40 40 39 38 37 36 35 33 32 30 28 27 25 24 24 23 22 22 21 21 21 21 20 20 23 24 24 24 22 22 22 21 21 21 20 20 21 21 21 21 22 23 25 26 27 27 27 28 28 28 29 30 29 28 27 26 27 28 30 31 32 34 36 37 37 35 34 33 31 28 26
49 48 47 47 48 47 47 47 47 47 46 46 47 45 43 42 41 40 40 39 40 39 38 36 34 32 31 30 28 27 26 25 24 23 22 21 21 22 24 24 24 26 26 27 27 25 24 24 23 22 22 22 21 21 22 22 22 23 24 25 27 28 29 29 29 29 30 30 30 29 28 27 27 27 29 30 31 33 34 36 37 36 35 33 32 30 28 26
49 48 47 47 48 48 49 50 49 48 47 46 47 47 46 45 44 43 42 41 40 39 38 36 34 33 32 31 29 27 26 25 25 23 23 22 24 26 27 27 27 28 29 29 29 28 26 25 24 24 23 22 21 22 22 22 24 25 25 26 27 28 28 28 28 28 29 29 28 28 27 27 27 27 29 29 30 31 33 34 35 35 32 31 31 29 28 27
48 48 48 47 48 49 51 51 51 50 49 49 49 48 48 47 45 44 43 41 39 38 37 36 35 34 33 31 30 28 27 26 25 25 24 25 25 27 29 30 31 31 32 32 32 30 27 27 26 25 24 24 24 23 23 23 24 26 27 28 29 29 29 28 27 27 27 27 26 27 27 27 28 28 29 29 30 32 33 34 35 35 34 33 32 30 29 27
49 49 49 50 50 50 52 52 52 51 51 51 50 48 48 47 46 44 44 43 40 38 37 36 35 35 34 33 30 29 28 27 26 25 26 26 27 28 31 32 33 34 34 34 34 31 28 26 26 26 25 25 25 25 25 25 25 27 27 28 29 28 26 26 27 27 26 28 27 28 28 28 28 28 29 29 31 33 34 35 36 35 35 34 33 32 30 28
48 48 49 50 50 51 51 52 53 53 53 52 52 49 48 47 46 45 43 42 41 39 37 36 36 36 36 35 32 30 29 28 27 27 27 27 27 28 30 34 34 35 36 37 36 31 28 26 26 27 27 26 26 24 26 27 28 29 30 30 29 29 28 28 28 27 27 28 28 29 28 28 30 30 30 31 32 33 35 36 35 35 35 35 34 33 32 30
48 48 49 50 51 52 52 52 53 53 53 53 52 52 50 48 47 44 43 43 42 41 39 38 36 37 37 36 34 32 31 29 28 28 28 28 28 29 31 32 36 37 36 38 38 33 30 28 28 28 28 28 27 28 29 29 31 33 32 31 30 29 28 27 27 27 28 29 29 29 29 30 31 31 31 32 33 34 35 35 35 36 36 35 34 33 32 31
49 50 51 52 52 52 52 53 53 53 53 52 52 52 51 49 47 47 45 45 43 41 41 40 39 38 38 38 37 36 34 32 30 29 30 30 31 31 31 33 36 38 39 39 43 41 33 32 30 30 29 30 31 32 33 34 34 35 33 33 32 30 29 29 29 29 30 30 30 30 30 31 31 33 33 33 34 35 35 35 36 36 35 35 35 34 32 32
51 51 52 53 53 53 53 52 52 53 53 53 54 53 53 51 50 48 46 46 45 44 42 41 41 42 42 41 40 39 37 35 33 32 32 33 34 33 33 33 35 38 41 42 45 46 43 42 38 35 33 34 34 36 36 36 37 35 36 34 33 32 30 30 30 30 31 32 32 32 31 32 33 34 34 35 35 35 35 36 36 36 35 35 36 35 34 33
52 52 53 53 53 54 53 53 54 54 54 54 54 55 55 53 52 50 49 48 47 46 45 44 44 44 44 43 42 41 40 39 36 35 36 35 37 36 35 35 35 37 44 47 45 46 46 46 47 45 43 44 43 43 41 40 39 38 38 36 35 32 30 29 30 32 33 33 33 32 32 34 35 35 34 35 36 36 36 35 36 36 36 36 36 36 35 33
55 54 54 54 54 55 55 55 55 55 55 55 56 56 56 54 53 52 51 49 48 48 48 48 47 47 47 46 45 45 44 43 41 41 41 41 41 39 39 40 44 46 49 49 49 50 50 50 49 49 48 47 47 47 46 46 44 41 39 37 35 33 31 31 32 33 34 34 35 33 33 35 36 37 36 36 36 36 35 36 37 37 36 37 37 38 36 35
