kuenm_practice/Projection_variables/cc_rcp45/bio_1.asc
NCOLS 360 
NROWS 210 
XLLCORNER -125 
YLLCORNER 20 
CELLSIZE 0.166666666666667 
NODATA_value -32768 
[rows 0 to 38 of 210, columns 264 to 351 of 360]
-32768 -32768 -32768 -32768 -32768 -32768 -32768 -32768 -8 -8 -9 -9 -9 -10 -10 -12 -12 -13 -15 -17 -17 -17 -16 -17 -16 -15 -16 -17 -19 -20 -20 -19 -20 -20 -19 -19 -19 -19 -20 -22 -22 -22 -22 -22 -22 -21 -21 -21 -21 -22 -22 -21 -22 -22 -22 -23 -23 -23 -23 -24 -24 -24 -27 -26 -26 -24 -24 -25 -26 -27 -27 -27 -27 -28 -27 -26 -26 -25 -24 -25 -25 -27 -25 -25 -20 -20 -19 -19
-32768 -32768 -32768 -32768 -32768 -32768 -32768 -7 -7 -8 -8 -9 -9 -10 -10 -10 -11 -11 -13 -14 -15 -16 -16 -16 -17 -17 -16 -16 -18 -19 -19 -19 -19 -19 -18 -19 -19 -20 -20 -20 -20 -19 -20 -20 -20 -20 -21 -21 -20 -21 -21 -21 -21 -22 -22 -22 -22 -23 -23 -23 -24 -23 -24 -25 -25 -24 -24 -24 -24 -24 -24 -24 -24 -25 -26 -25 -25 -25 -24 -23 -23 -24 -25 -23 -23 -20 -18 -18
-32768 -32768 -32768 -32768 -32768 -32768 -32768 -6 -6 -7 -7 -7 -7 -9 -11 -11 -11 -11 -12 -13 -12 -13 -14 -14 -15 -16 -16 -15 -14 -16 -18 -18 -17 -18 -17 -16 -17 -18 -19 -19 -19 -19 -20 -20 -20 -20 -21 -21 -20 -20 -20 -20 -21 -21 -21 -21 -21 -21 -22 -22 -23 -22 -22 -23 -25 -23 -23 -23 -24 -23 -22 -23 -23 -23 -25 -25 -24 -25 -24 -23 -23 -23 -23 -23 -22 -18 -16 -17
-32768 -32768 -32768 -32768 -32768 -32768 -32768 -32768 -5 -5 -5 -5 -6 -8 -9 -10 -11 -11 -11 -12 -11 -11 -11 -12 -12 -12 -13 -13 -13 -13 -14 -14 -13 -14 -15 -15 -15 -17 -17 -17 -18 -18 -20 -19 -19 -19 -19 -19 -19 -19 -20 -19 -19 -19 -19 -19 -20 -20 -20 -21 -24 -23 -23 -22 -22 -22 -21 -21 -22 -22 -21 -21 -22 -21 -21 -21 -22 -23 -22 -22 -21 -21 -22 -21 -19 -19 -16 -16
-32768 -32768 -3 -32768 -32768 -32768 -32768 -32768 -32768 -4 -4 -4 -5 -6 -7 -7 -9 -10 -10 -11 -11 -10 -11 -11 -10 -10 -10 -11 -10 -10 -10 -11 -11 -11 -12 -13 -15 -17 -16 -16 -17 -18 -17 -17 -18 -18 -17 -17 -18 -18 -18 -18 -18 -18 -18 -18 -19 -20 -21 -22 -22 -22 -22 -22 -21 -20 -20 -20 -20 -21 -21 -20 -21 -21 -20 -20 -20 -20 -21 -20 -20 -20 -20 -19 -19 -20 -18 -15
-32768 -32768 -32768 -32768 -32768 -32768 -32768 -32768 -32768 -3 -2 -2 -3 -4 -5 -6 -7 -8 -8 -8 -9 -9 -9 -9 -10 -9 -8 -8 -8 -9 -10 -9 -8 -10 -11 -11 -11 -11 -13 -15 -14 -15 -15 -15 -16 -16 -15 -15 -16 -17 -17 -17 -18 -17 -18 -18 -18 -19 -23 -22 -20 -20 -20 -20 -20 -20 -19 -19 -19 -19 -19 -19 -19 -20 -20 -20 -20 -19 -20 -20 -20 -19 -19 -19 -18 -16 -17 -15
-32768 -32768 -32768 -32768 -32768 -32768 -1 -32768 -32768 -32768 -32768 -1 -1 -2 -3 -4 -5 -6 -7 -7 -7 -7 -8 -8 -8 -7 -6 -6 -7 -8 -9 -8 -8 -8 -8 -8 -10 -9 -9 -9 -11 -13 -13 -13 -13 -13 -14 -13 -15 -15 -16 -17 -18 -17 -17 -17 -17 -18 -19 -18 -19 -19 -19 -19 -18 -18 -19 -18 -18 -18 -18 -18 -18 -18 -18 -19 -20 -20 -20 -21 -20 -20 -19 -18 -18 -17 -16 -14
-32768 -32768 -32768 -32768 -32768 -32768 -32768 -32768 -32768 -32768 0 0 0 -1 -1 -1 -2 -3 -3 -4 -4 -5 -5 -5 -5 -5 -5 -5 -5 -7 -8 -8 -8 -8 -8 -8 -8 -8 -8 -9 -9 -9 -9 -10 -11 -13 -13 -13 -13 -13 -14 -15 -15 -15 -16 -16 -16 -16 -16 -17 -17 -18 -18 -18 -18 -17 -18 -18 -17 -17 -17 -17 -17 -17 -17 -17 -17 -18 -18 -17 -18 -19 -18 -18 -17 -18 -16 -13
-32768 -32768 -32768 -32768 -32768 -32768 -32768 2 -32768 -32768 2 2 1 0 -1 -2 -2 -3 -3 -3 -3 -3 -3 -3 -4 -4 -4 -4 -4 -6 -7 -6 -7 -7 -7 -7 -6 -6 -7 -8 -9 -11 -11 -12 -13 -13 -13 -13 -13 -13 -14 -14 -14 -14 -14 -14 -15 -16 -15 -16 -16 -16 -17 -17 -16 -16 -17 -18 -18 -17 -17 -17 -16 -16 -16 -17 -16 -16 -16 -16 -17 -18 -20 -20 -19 -19 -14 -12
-32768 -32768 -32768 -32768 -32768 2 2 2 -32768 -32768 -32768 2 2 1 1 0 -2 -1 -1 -1 -1 -1 -3 -3 -3 -3 -2 -3 -4 -4 -5 -5 -6 -7 -8 -8 -8 -6 -6 -8 -9 -8 -8 -10 -11 -12 -13 -13 -12 -13 -13 -13 -13 -14 -13 -13 -14 -15 -15 -15 -14 -15 -15 -16 -16 -17 -16 -17 -17 -17 -17 -15 -15 -15 -15 -16 -16 -16 -16 -16 -16 -16 -16 -17 -18 -16 -14 -13
-32768 -32768 -32768 -32768 -32768 3 3 4 3 -32768 -32768 4 3 2 1 1 0 0 -1 -1 -1 -1 -2 -2 -1 -1 -2 -2 -2 -3 -4 -5 -6 -5 -6 -7 -8 -6 -7 -8 -8 -9 -10 -11 -11 -10 -11 -11 -12 -12 -12 -13 -14 -13 -13 -13 -13 -14 -14 -14 -14 -14 -14 -15 -16 -17 -18 -17 -17 -16 -15 -15 -16 -15 -16 -14 -14 -16 -15 -16 -17 -15 -16 -15 -16 -14 -13 -12
6 -32768 -32768 -32768 -32768 -32768 4 4 -32768 -32768 -32768 5 4 4 3 2 2 1 0 -1 -1 -1 -2 -1 0 -1 -1 -1 -2 -2 -2 -4 -5 -4 -6 -7 -7 -6 -6 -6 -6 -7 -6 -7 -8 -8 -9 -10 -10 -10 -10 -10 -11 -12 -12 -13 -14 -13 -13 -13 -13 -13 -13 -15 -15 -17 -19 -19 -20 -18 -16 -16 -17 -17 -16 -14 -13 -14 -14 -14 -15 -15 -14 -16 -15 -11 -12 -13
6 7 -32768 -32768 -32768 -32768 -32768 -32768 -32768 -32768 -32768 6 6 6 5 4 3 3 2 1 1 0 -1 -1 0 1 1 0 -1 0 -1 -2 -3 -4 -4 -5 -6 -5 -5 -6 -7 -7 -7 -6 -6 -7 -9 -8 -9 -9 -9 -10 -11 -12 -12 -14 -14 -13 -12 -12 -12 -12 -12 -12 -13 -15 -15 -16 -16 -15 -17 -15 -15 -17 -16 -13 -14 -13 -14 -14 -12 -14 -14 -13 -12 -12 -12 -11
7 8 -32768 -32768 -32768 -32768 -32768 -32768 -32768 -32768 6 7 7 7 7 6 5 4 4 3 3 3 1 0 0 1 1 1 1 1 0 0 0 -1 -2 -2 -4 -4 -4 -5 -5 -7 -6 -5 -5 -6 -7 -8 -9 -9 -9 -8 -8 -9 -10 -10 -11 -10 -11 -12 -11 -10 -10 -11 -12 -13 -12 -14 -13 -15 -14 -13 -13 -13 -13 -11 -13 -13 -11 -12 -12 -11 -14 -12 -12 -12 -10 -10
-32768 -32768 -32768 -32768 -32768 -32768 -32768 -32768 8 -32768 8 8 8 8 7 7 6 5 4 4 3 2 2 2 2 2 2 2 2 2 1 1 0 -1 -1 -3 -4 -2 -3 -4 -4 -4 -4 -5 -5 -5 -6 -6 -7 -7 -7 -5 -5 -5 -6 -7 -8 -9 -9 -9 -10 -10 -10 -10 -12 -11 -10 -9 -10 -13 -14 -12 -12 -13 -12 -11 -12 -12 -11 -11 -12 -12 -11 -11 -10 -10 -9 -9
-32768 -32768 -32768 -32768 -32768 -32768 -32768 -32768 -32768 -32768 -32768 -32768 -32768 8 9 8 7 6 6 5 4 4 3 4 3 4 3 3 3 1 1 1 0 1 1 0 0 0 -1 -2 -2 -2 -2 -3 -4 -4 -4 -5 -5 -5 -4 -5 -5 -5 -5 -5 -5 -8 -9 -11 -13 -15 -18 -16 -16 -10 -10 -8 -10 -12 -11 -12 -13 -13 -10 -10 -12 -12 -11 -9 -8 -9 -10 -8 -9 -8 -8 -10
-32768 -32768 -32768 -32768 -32768 -32768 -32768 -32768 -32768 10 -32768 10 -32768 -32768 10 10 9 9 8 7 6 5 5 4 5 4 5 4 4 4 4 3 2 3 3 2 2 2 2 2 2 1 0 0 -1 -1 -1 -1 -1 -2 -3 -4 -6 -7 -10 -10 -12 -13 -12 -14 -16 -19 -19 -15 -13 -12 -11 -9 -7 -10 -9 -9 -10 -11 -8 -9 -8 -9 -7 -6 -5 -7 -8 -7 -5 -7 -10 -11
15 -32768 -32768 -32768 -32768 -32768 -32768 -32768 12 12 12 11 11 12 11 11 10 9 8 7 6 5 4 4 4 5 5 5 3 4 5 4 4 4 4 3 3 3 3 4 3 2 2 2 2 2 1 1 -1 -1 -2 -6 -10 -14 -13 -9 -12 -12 -14 -13 -14 -16 -14 -12 -10 -13 -13 -12 -9 -5 -6 -4 -4 -4 -2 -4 -5 -8 -5 -3 -3 -4 -6 -4 -5 -5 -9 -10
16 16 -32768 -32768 -32768 -32768 -32768 -32768 13 11 13 13 13 13 13 12 11 11 9 8 7 6 6 6 7 7 7 6 6 5 5 5 5 6 5 4 4 4 3 4 4 4 4 4 3 3 3 3 2 -5 -7 -9 -12 -12 -7 -7 -9 -9 -9 -9 -10 -12 -11 -7 -7 -6 -10 -6 -7 -2 -1 -2 -5 -5 -2 2 -1 -3 -2 0 -2 -2 -3 -3 -4 -5 -4 -8
17 17 17 -32768 -32768 -32768 -32768 -32768 -32768 -32768 15 14 14 14 13 13 12 11 10 9 9 9 8 8 8 8 8 8 8 7 6 7 6 7 7 6 6 5 5 5 6 5 6 5 4 4 4 3 -5 -10 -9 -9 -8 -6 -3 -3 -4 -5 -4 -6 -5 -7 -6 -4 -3 -2 -4 -3 -7 -3 1 -1 -5 0 2 1 2 2 -7 -10 -4 -10 -13 -12 -5 -7 -6 -3
18 18 18 19 -32768 -32768 -32768 -32768 17 16 17 17 16 16 15 14 13 13 12 11 10 9 9 9 9 9 9 9 9 8 8 8 8 8 8 7 7 8 7 7 6 6 7 6 5 4 5 1 -2 0 -2 -1 2 1 -2 -2 -1 0 -1 -3 -7 -5 -5 -5 -2 -1 -1 -2 -3 -2 1 5 2 3 1 5 1 -15 -14 -16 -14 -11 -13 -11 -5 -7 -8 -3
20 20 19 20 -32768 -32768 -32768 19 19 18 18 18 19 18 17 16 16 15 14 12 11 10 10 11 10 10 10 10 10 9 9 9 9 9 9 9 10 9 9 9 9 9 8 8 5 5 7 5 7 6 4 4 5 1 0 -1 -1 1 2 1 -1 -3 -5 -5 -1 -1 0 2 1 -1 2 5 0 0 2 6 6 -6 -5 -1 -2 -4 -4 0 -2 -5 -6 -7
22 21 21 21 21 20 21 20 20 20 20 20 19 19 18 17 16 14 13 12 11 11 11 11 11 11 11 10 11 10 9 9 10 11 11 11 10 10 11 10 10 10 9 9 8 8 9 9 9 9 8 7 7 4 1 2 2 4 2 2 2 2 -3 -8 -4 -2 -2 2 2 1 3 5 5 1 1 6 7 3 4 2 3 -4 -3 0 2 -4 -2 1
24 23 22 22 21 21 22 22 21 21 21 20 19 19 19 18 16 14 13 13 12 12 12 12 13 13 12 12 12 12 12 11 12 13 12 12 12 12 12 12 11 10 11 11 11 11 10 10 9 7 6 5 4 2 2 4 5 7 4 3 2 4 5 -2 -4 -2 -4 -2 1 0 2 0 3 6 7 2 -1 -3 0 8 3 0 -3 -1 5 -1 0 3
25 24 24 23 23 23 23 23 23 22 20 20 19 19 18 18 16 15 14 13 12 13 13 14 14 15 15 14 14 14 13 13 13 12 12 13 13 12 12 12 12 12 12 13 13 12 11 11 10 8 6 7 4 5 4 4 5 7 8 8 6 5 7 3 5 1 -4 -8 0 2 3 0 1 4 3 -3 -3 -2 2 11 3 3 3 5 7 5 10 11
26 25 23 22 21 21 22 23 23 23 22 21 20 19 17 17 16 15 15 15 14 15 15 15 15 15 16 16 16 15 15 15 16 15 15 14 13 13 13 13 14 13 14 14 13 13 10 9 8 8 9 8 7 8 7 8 8 9 12 9 10 10 10 9 7 2 -3 -2 2 4 8 2 2 4 6 4 2 0 5 10 5 5 9 9 8 10 7 12
27 24 22 19 18 18 19 19 21 22 23 22 21 19 18 17 16 16 16 16 15 15 15 16 16 17 17 17 17 15 15 16 16 16 15 14 13 14 13 13 13 13 16 14 14 12 11 11 11 9 11 10 11 12 10 11 9 7 11 6 8 11 11 12 11 5 0 1 4 4 10 5 3 8 10 9 8 5 9 11 6 5 12 12 14 14 17 11
25 23 20 19 18 17 18 18 18 19 20 21 21 19 18 18 17 17 17 17 16 17 17 17 17 18 18 18 18 16 17 16 17 16 17 17 17 16 16 15 13 15 16 16 14 13 13 14 12 13 14 13 14 14 8 10 8 12 13 10 10 11 12 11 11 10 5 5 8 10 13 6 4 7 15 9 10 7 10 7 7 9 12 16 20 17 23 21
24 22 21 20 19 19 19 19 19 20 19 20 20 19 19 19 19 18 19 19 19 19 19 19 19 20 20 20 19 18 19 19 19 19 19 19 18 18 18 17 16 16 17 16 15 16 16 15 15 16 16 15 16 16 13 10 12 13 17 14 13 14 11 8 10 12 12 12 12 14 15 11 7 9 15 11 9 9 14 9 11 15 16 24 27 27 33 36
24 23 22 21 20 20 20 20 20 20 21 21 22 21 21 21 21 21 20 21 20 21 21 21 21 22 22 22 22 22 22 22 21 21 20 21 21 20 19 19 19 18 17 16 18 18 19 18 17 19 16 13 15 16 18 14 14 14 19 19 21 18 16 13 11 14 17 15 14 15 13 17 14 16 16 13 12 14 17 14 11 23 25 30 34 36 39 39
25 24 23 22 21 21 20 22 23 23 23 24 23 23 23 22 23 22 22 22 22 23 23 23 23 24 24 24 24 23 23 23 23 23 23 23 23 22 21 20 19 20 18 18 21 21 21 20 20 21 18 16 17 19 21 21 19 19 21 22 21 22 21 20 18 19 19 17 16 16 17 19 17 17 18 19 17 18 18 17 17 26 31 36 39 -32768 -32768 -32768
26 25 24 23 23 23 22 23 24 25 25 25 25 24 24 24 24 23 23 23 24 24 25 25 26 26 25 26 26 25 25 25 25 25 25 25 24 24 23 22 21 20 20 20 22 23 22 21 21 23 23 21 23 23 24 22 23 25 25 26 27 24 23 23 23 22 21 20 20 20 19 20 21 21 24 24 26 23 23 22 22 25 34 40 -32768 -32768 -32768 -32768
27 27 25 25 24 25 25 25 26 26 26 26 26 26 26 26 26 25 25 25 25 26 26 24 24 26 28 29 27 27 28 28 27 26 26 26 26 25 24 24 22 22 22 22 24 26 24 20 24 25 26 26 29 29 29 26 27 27 29 29 26 26 26 26 23 24 23 22 23 21 21 22 23 25 23 26 21 22 23 25 25 31 38 -32768 -32768 -32768 -32768 -32768
28 27 27 26 25 26 27 27 28 28 27 28 28 28 28 28 28 27 27 27 28 28 28 26 27 28 29 29 30 29 29 28 28 28 28 28 27 27 25 25 24 25 25 25 25 27 24 27 27 30 30 30 33 34 33 30 28 29 31 26 25 24 24 22 22 24 25 24 29 23 25 27 25 27 29 29 28 28 31 31 35 39 43 -32768 -32768 -32768 -32768 -32768
30 29 27 26 25 26 28 28 29 29 29 28 29 30 30 29 30 29 28 28 29 30 31 31 31 31 30 30 30 29 28 27 27 28 28 28 27 26 25 26 26 27 27 28 28 29 29 30 32 33 34 34 36 36 34 32 27 30 31 29 25 23 24 24 22 25 27 25 28 29 33 31 30 30 33 36 36 35 36 37 41 43 -32768 -32768 -32768 -32768 -32768 55
31 29 28 28 29 29 29 29 30 30 32 31 31 31 31 31 32 31 30 30 31 31 32 33 33 32 29 29 30 30 29 29 29 29 29 28 25 25 26 27 27 28 28 29 29 30 32 35 36 37 38 40 40 39 37 36 35 31 32 34 27 23 24 25 26 26 27 28 28 29 33 36 38 38 40 42 42 -32768 -32768 -32768 -32768 -32768 -32768 -32768 50 48 46 45
32 30 29 30 31 32 32 33 33 34 34 34 33 33 33 33 33 33 32 31 32 32 33 34 33 31 31 31 31 30 30 31 31 30 29 27 27 27 27 27 27 27 28 27 27 30 33 36 39 41 44 45 45 43 41 41 39 38 33 34 23 21 23 24 25 27 25 30 32 36 37 42 44 45 47 -32768 -32768 -32768 -32768 -32768 51 48 44 40 39 41 30 32
32 31 31 32 33 34 35 35 36 37 37 36 36 35 34 34 35 34 33 32 32 33 33 34 34 31 31 30 31 31 32 32 32 31 29 30 30 30 30 29 26 27 30 28 25 27 30 33 37 44 49 50 49 47 46 45 45 44 39 37 25 22 23 21 22 24 28 34 37 40 44 47 48 -32768 -32768 -32768 -32768 52 48 47 46 44 40 37 33 35 37 39
34 34 34 34 33 33 36 37 38 38 39 38 37 36 36 37 36 36 34 33 33 34 34 35 34 32 31 32 33 34 34 34 34 33 33 32 32 32 32 31 28 30 31 29 27 29 32 33 36 40 46 50 52 51 50 50 49 49 48 47 40 31 24 22 22 28 32 33 38 44 49 51 -32768 -32768 -32768 53 51 48 43 43 45 43 44 41 39 38 38 42
