kuenm_practice/Projection_variables/cc_rcp45/bio_15.asc
NCOLS 360 
NROWS 210 
XLLCORNER -125 
YLLCORNER 20 
CELLSIZE 0.166666666666667 
NODATA_value -32768 
[rows 0 to 39 of 210, columns 184 to 275 of 360]
79 80 79 80 80 80 80 80 80 80 80 80 79 79 79 79 79 79 79 79 79 79 79 79 79 79 79 79 79 79 79 79 80 80 80 80 80 80 80 80 80 80 80 79 79 79 78 78 78 77 77 77 77 77 77 77 77 77 77 76 76 76 76 76 76 76 75 75 75 75 75 75 75 -32768 -32768 -32768 -32768 -32768 -32768 -32768 -32768 -32768 -32768 -32768 -32768 -32768 -32768 -32768 71 71 70 71
79 80 80 80 80 80 80 80 80 80 80 80 80 80 80 80 80 80 80 80 80 81 81 80 81 81 81 82 82 82 82 82 82 82 82 82 82 82 82 82 81 81 81 81 81 81 81 80 80 80 80 80 79 79 79 79 80 80 79 79 79 79 78 78 78 78 78 78 77 77 77 77 76 -32768 -32768 -32768 -32768 -32768 -32768 -32768 -32768 -32768 -32768 -32768 -32768 -32768 -32768 71 70 70 70 71
79 79 80 80 80 80 80 80 81 81 81 81 81 81 82 82 82 82 82 82 82 82 83 83 83 83 83 83 83 83 83 83 84 84 84 84 84 84 84 84 84 83 83 83 83 83 83 83 83 82 82 82 82 82 82 82 82 82 81 81 81 81 81 80 80 80 79 79 78 78 78 78 77 -32768 -32768 -32768 -32768 -32768 -32768 -32768 -32768 -32768 -32768 -32768 -32768 -32768 -32768 70 70 70 70 70
80 80 80 80 80 80 81 81 81 81 81 81 82 82 83 83 83 83 83 83 84 84 84 84 84 84 85 85 85 85 85 85 85 86 86 86 86 86 86 86 85 85 85 85 85 85 86 85 85 85 85 84 83 84 84 84 84 84 84 84 83 83 83 82 82 81 81 81 80 79 79 79 78 -32768 -32768 -32768 -32768 -32768 -32768 77 -32768 -32768 -32768 -32768 -32768 -32768 -32768 -32768 69 69 70 70
80 80 80 80 80 81 81 81 82 82 81 82 83 83 83 84 84 84 84 85 86 86 86 86 86 86 86 86 87 87 87 87 88 87 87 87 87 88 88 88 87 87 87 87 87 87 87 88 88 87 87 86 86 86 85 85 86 85 85 85 85 85 84 84 84 83 82 82 82 81 81 80 -32768 -32768 -32768 -32768 -32768 -32768 -32768 -32768 -32768 -32768 75 -32768 -32768 -32768 -32768 -32768 -32768 69 69 71
81 81 81 81 81 81 81 81 82 82 82 83 84 84 84 85 85 86 86 86 87 87 87 88 88 88 88 88 88 89 89 89 89 89 89 89 89 89 89 89 88 88 88 88 88 89 89 89 89 89 88 88 87 87 87 87 86 86 87 87 87 87 85 85 85 85 84 83 83 82 82 82 82 -32768 -32768 -32768 -32768 -32768 -32768 -32768 -32768 -32768 -32768 -32768 -32768 -32768 -32768 -32768 -32768 70 69 70
81 81 81 81 82 82 82 82 82 83 83 83 84 85 85 86 86 87 88 88 88 88 89 89 89 90 90 90 90 91 91 91 91 91 91 90 90 90 90 90 90 90 90 90 90 90 90 90 90 90 90 89 88 88 88 87 87 87 87 87 87 87 87 86 86 86 85 85 84 84 83 83 83 83 -32768 -32768 -32768 -32768 -32768 -32768 -32768 -32768 -32768 -32768 -32768 -32768 73 -32768 -32768 -32768 -32768 71
81 81 81 82 82 82 83 83 83 83 84 85 85 85 86 87 87 88 89 89 89 90 90 90 90 91 90 91 92 92 92 92 92 92 93 93 92 92 92 91 91 91 91 91 91 91 92 92 92 91 90 90 89 89 89 88 88 88 87 87 87 88 87 87 86 86 86 86 86 86 85 84 84 83 -32768 -32768 -32768 -32768 -32768 -32768 -32768 -32768 -32768 -32768 -32768 -32768 -32768 -32768 -32768 -32768 71 73
81 81 82 82 82 83 83 83 84 85 85 86 86 87 88 88 89 89 89 90 91 91 91 91 92 92 92 93 93 93 94 94 93 94 94 93 93 93 93 93 92 92 92 92 92 92 92 92 92 91 91 91 90 90 90 90 89 89 88 88 88 88 88 87 87 87 87 87 87 87 86 86 85 -32768 -32768 -32768 -32768 -32768 -32768 -32768 -32768 -32768 -32768 -32768 -32768 -32768 -32768 74 -32768 -32768 73 74
81 81 82 83 83 83 84 84 85 86 86 86 87 88 89 89 90 90 90 91 92 92 93 93 94 94 94 94 94 94 95 94 95 95 95 95 94 94 94 94 93 93 93 93 93 93 93 93 93 92 92 92 92 91 91 91 90 90 90 89 89 89 88 88 88 88 88 88 88 88 88 87 87 87 -32768 -32768 -32768 -32768 -32768 -32768 -32768 -32768 -32768 -32768 -32768 78 78 74 -32768 -32768 -32768 74
81 81 82 82 82 83 84 85 86 86 86 87 87 88 89 90 91 91 92 93 93 94 94 95 95 95 95 96 96 96 96 96 97 97 97 96 96 95 95 95 94 94 94 93 94 94 94 94 94 93 92 92 92 92 91 91 91 90 91 91 90 90 90 89 89 89 90 90 90 90 89 89 88 88 -32768 87 87 86 85 85 -32768 -32768 -32768 -32768 -32768 79 78 76 76 -32768 -32768 76
80 81 81 82 82 83 83 85 85 86 86 87 87 89 90 90 92 93 93 94 94 95 96 96 96 96 96 97 97 97 97 97 98 97 97 97 96 96 96 96 95 95 95 95 95 95 95 95 94 94 93 93 93 93 92 92 92 92 91 91 91 90 91 90 90 90 90 90 90 90 90 90 90 91 90 89 88 88 87 86 86 -32768 -32768 -32768 -32768 -32768 79 78 -32768 -32768 -32768 79
80 81 81 82 82 83 84 84 85 86 87 88 88 89 90 91 92 93 94 95 95 96 96 97 97 97 97 98 97 98 98 98 98 98 97 97 98 97 97 97 96 96 96 96 96 96 95 95 95 95 95 94 93 93 93 93 93 93 93 92 92 92 92 91 91 91 92 92 92 92 92 92 92 93 91 91 90 90 89 88 87 86 -32768 -32768 -32768 -32768 -32768 -32768 -32768 -32768 -32768 80
80 81 81 82 83 83 84 85 85 86 87 88 89 90 91 92 93 94 95 96 96 97 97 97 98 98 98 99 99 99 99 99 99 99 99 99 99 98 98 98 97 97 97 97 96 96 96 96 96 96 95 96 95 95 94 94 94 94 94 93 93 93 93 93 93 93 93 93 93 93 94 94 94 93 94 -32768 -32768 -32768 90 89 89 87 -32768 -32768 -32768 -32768 -32768 -32768 -32768 -32768 79 79
79 80 81 82 83 84 84 85 86 87 87 89 90 90 92 93 94 95 96 97 97 98 99 99 98 99 100 100 101 101 101 101 101 100 101 100 100 99 99 99 98 98 97 97 97 97 97 96 96 96 96 96 96 96 96 95 95 95 95 95 95 94 94 94 94 94 94 94 95 95 95 95 95 96 95 95 95 -32768 -32768 -32768 -32768 -32768 -32768 -32768 -32768 -32768 -32768 -32768 80 -32768 81 81
78 79 80 81 82 84 85 85 86 87 88 89 90 91 92 94 95 96 97 98 98 99 100 100 100 100 101 101 101 101 101 102 101 101 101 101 100 100 99 99 99 99 98 98 98 97 97 97 97 97 97 97 97 97 97 97 97 97 97 96 96 96 96 95 95 95 96 96 96 97 97 97 97 97 97 97 97 -32768 -32768 -32768 -32768 -32768 -32768 -32768 -32768 -32768 -32768 -32768 -32768 -32768 -32768 -32768
79 81 81 82 82 83 84 85 86 88 88 90 90 92 93 94 96 97 98 98 99 99 100 101 101 101 101 101 102 101 102 101 102 101 100 100 100 100 99 99 99 99 98 98 98 98 97 97 97 97 97 97 97 97 97 97 97 97 97 97 97 96 96 96 96 96 96 97 97 97 98 98 99 99 99 98 98 98 -32768 -32768 -32768 -32768 -32768 -32768 -32768 -32768 -32768 -32768 -32768 83 -32768 83
81 82 82 83 84 84 85 85 86 87 89 90 91 92 94 95 95 96 97 98 100 101 101 102 103 103 103 103 103 102 102 102 102 101 101 100 100 100 100 100 99 99 98 98 98 98 98 97 97 97 97 97 98 98 98 98 98 98 97 97 97 97 97 97 96 97 97 97 98 98 99 99 99 99 100 100 99 98 98 97 95 -32768 -32768 -32768 -32768 -32768 -32768 -32768 85 84 84 85
83 83 83 84 85 86 86 86 86 87 88 90 91 93 93 95 96 97 98 98 99 101 102 103 104 104 104 104 103 103 102 102 102 102 101 101 100 100 100 99 99 99 99 99 98 98 98 98 97 97 98 98 98 98 98 98 98 98 98 97 97 97 97 97 97 97 97 98 98 99 99 99 100 100 100 101 100 99 99 97 97 96 -32768 -32768 -32768 -32768 -32768 -32768 86 86 85 86
84 84 84 86 86 87 87 87 87 88 89 90 91 92 93 94 95 97 97 98 100 101 102 103 104 105 104 104 104 104 103 102 102 102 101 101 101 100 100 100 99 99 99 99 99 98 98 97 97 98 98 98 98 98 98 98 98 99 98 98 98 97 97 97 98 98 98 98 98 99 99 99 99 100 100 100 100 100 99 98 97 96 95 -32768 -32768 -32768 -32768 -32768 -32768 -32768 86 87
85 86 86 88 88 88 89 89 90 89 90 90 91 92 93 94 95 95 97 98 99 101 102 104 105 105 104 105 104 103 103 103 102 101 101 100 99 99 99 99 99 99 99 99 99 98 98 98 98 98 98 98 98 99 99 99 99 99 98 98 98 98 97 97 98 98 98 98 99 98 99 99 100 100 101 101 101 101 100 99 98 97 96 94 -32768 -32768 -32768 -32768 90 89 88 88
87 87 88 89 89 90 90 90 90 91 91 90 91 92 92 94 95 96 96 98 99 101 102 104 105 106 105 105 105 103 102 102 102 101 100 100 99 99 98 98 99 98 98 99 99 98 99 98 98 98 99 99 99 99 99 98 99 99 99 99 98 98 98 97 98 98 98 99 99 99 99 100 100 101 101 101 101 101 100 99 98 98 96 96 -32768 -32768 -32768 92 91 90 90 89
88 88 89 89 90 90 90 91 91 91 91 91 91 91 92 93 94 95 96 97 98 100 101 103 104 105 105 104 104 103 102 101 102 101 99 100 99 98 99 99 98 98 99 99 99 99 99 99 99 99 100 99 100 100 100 99 99 99 98 98 98 98 98 98 98 98 98 99 100 99 100 100 101 101 101 101 101 100 99 99 98 98 97 96 95 94 94 92 92 92 91 91
88 89 89 90 90 90 91 91 91 91 91 91 91 92 92 94 94 94 95 97 98 99 100 101 103 103 104 103 103 103 102 101 101 101 100 100 100 100 99 99 99 99 100 100 100 100 100 100 100 100 100 100 100 100 100 99 99 98 98 98 98 98 98 98 99 99 99 99 100 99 100 100 100 101 101 100 99 99 99 99 98 98 97 97 96 95 94 94 94 93 93 94
88 89 90 91 90 91 91 91 91 91 91 91 91 92 93 93 94 94 95 96 97 98 100 100 101 102 102 102 102 102 102 101 101 100 100 100 100 100 99 100 100 100 100 101 101 101 101 101 101 101 100 100 100 100 100 99 99 99 98 98 98 99 98 99 99 99 100 101 100 100 100 100 100 101 100 99 99 99 99 99 98 98 98 97 97 96 95 95 95 95 96 96
88 89 90 90 90 90 90 91 91 91 91 92 92 93 93 93 93 93 95 96 96 97 99 99 100 101 101 101 100 101 100 100 100 100 100 99 99 99 99 100 100 101 101 101 102 102 102 102 102 102 101 101 100 100 100 100 100 99 98 98 98 98 98 98 99 100 101 101 101 101 101 100 100 100 100 100 99 99 99 99 98 98 99 99 99 98 97 97 96 97 97 98
88 90 90 90 90 90 91 90 91 91 92 92 92 92 92 92 93 93 94 95 96 96 97 98 99 99 99 99 100 99 100 100 100 100 99 99 99 99 99 99 100 100 101 102 102 103 103 103 103 102 102 102 101 101 101 101 100 99 98 97 98 98 98 99 100 100 101 102 101 101 100 100 100 100 100 100 100 99 99 99 99 100 101 102 102 101 101 100 100 99 99 100
87 88 89 89 90 90 91 91 90 91 92 92 92 91 91 91 92 92 93 94 94 95 96 96 97 97 98 98 98 98 99 98 99 98 97 97 98 98 98 99 100 100 101 102 103 103 104 103 103 102 101 101 101 101 100 100 99 98 97 97 97 97 98 99 100 101 101 102 101 100 100 100 100 101 100 99 99 100 100 100 101 102 103 103 103 103 102 102 102 102 102 102
87 88 89 89 90 91 91 91 92 92 93 92 91 91 90 90 91 91 91 92 93 94 95 95 95 96 97 97 97 97 97 97 96 95 95 95 95 96 97 97 98 99 100 101 102 103 103 103 103 102 102 101 101 101 100 99 98 97 97 96 96 97 98 99 100 101 101 101 101 101 101 100 101 100 100 100 100 100 101 102 103 103 103 103 103 103 104 104 104 104 105 105
87 88 89 90 90 91 91 92 94 95 94 93 92 91 90 90 90 91 91 92 92 92 93 93 94 95 96 96 96 96 94 94 94 93 93 92 93 94 95 95 96 98 99 100 100 102 102 101 101 101 101 100 100 99 98 97 96 96 95 94 95 96 98 99 100 101 102 102 102 102 102 102 102 102 102 102 102 102 102 103 103 103 103 103 103 104 104 104 104 105 106 106
87 88 90 91 91 91 91 92 94 95 95 94 92 91 90 90 90 91 92 93 93 93 92 93 93 94 94 95 94 93 92 92 91 91 91 90 90 91 92 93 94 95 97 98 99 99 99 99 99 99 99 98 98 98 97 96 95 95 94 94 94 96 97 99 100 101 102 103 103 103 104 103 104 103 104 104 103 103 103 103 103 103 104 103 104 104 104 104 104 105 106 106
87 88 90 91 91 91 91 91 94 94 94 93 92 91 90 89 89 91 92 94 95 94 93 91 92 93 93 93 92 91 91 89 89 88 88 88 88 89 90 91 92 93 94 95 95 96 96 97 97 96 96 96 95 95 94 94 93 93 92 93 94 95 96 97 99 101 102 103 103 104 103 103 103 103 103 103 102 103 103 103 103 103 103 103 103 104 105 105 105 105 106 107
87 89 90 91 91 92 92 92 93 94 93 92 92 91 90 90 89 91 93 95 97 96 93 91 92 92 91 91 91 90 88 88 87 87 86 86 86 87 89 90 91 91 92 92 92 92 93 94 94 94 94 94 93 93 93 92 91 90 91 91 92 93 94 96 98 99 101 102 102 102 103 102 102 102 101 102 102 102 102 103 103 102 102 103 103 103 103 103 104 105 106 107
88 89 90 91 92 92 92 92 93 93 94 92 91 91 90 89 88 90 92 95 98 97 94 91 92 91 91 91 90 89 88 86 86 86 85 85 86 89 91 92 92 91 91 90 90 91 90 91 91 91 91 91 91 90 89 88 87 87 88 88 89 91 93 95 96 97 99 100 100 101 101 101 101 101 101 100 101 101 101 101 101 102 101 102 102 103 103 103 104 105 106 107
90 90 91 92 92 92 92 92 93 93 93 92 90 89 88 87 88 89 91 94 96 96 94 92 92 91 90 90 89 89 87 86 84 83 85 85 87 89 91 92 92 92 91 91 91 90 90 89 88 88 89 89 89 88 87 86 85 84 85 85 87 88 90 92 93 94 96 97 98 98 99 99 99 99 99 99 99 100 100 101 100 100 101 102 102 102 102 102 103 105 105 107
91 91 92 93 93 92 92 93 93 92 91 90 89 88 86 85 86 87 90 92 93 93 92 94 92 91 89 89 87 86 87 85 83 82 84 86 85 86 90 91 91 91 92 90 90 89 89 88 88 88 89 89 89 88 87 86 84 83 83 84 85 86 87 89 90 91 92 93 94 95 95 96 97 97 98 98 98 99 99 99 99 99 100 100 100 100 101 102 102 104 104 106
92 93 94 93 93 92 92 92 92 92 92 90 88 86 85 84 83 85 87 89 91 91 92 92 91 90 89 87 85 85 84 84 83 83 83 84 83 83 85 86 88 89 90 89 89 88 88 88 88 90 89 89 90 89 89 88 87 87 87 86 87 87 87 86 87 88 89 90 91 92 93 93 94 94 95 96 96 97 98 98 97 97 98 98 98 98 98 99 101 102 104 106
93 94 95 94 93 92 91 92 92 92 92 91 89 86 84 81 81 84 86 88 89 90 90 90 89 89 87 85 83 83 83 83 85 85 82 82 84 84 84 84 84 84 86 85 85 85 87 87 88 89 89 90 90 91 92 92 92 91 90 90 90 90 89 88 87 86 87 88 88 89 90 91 91 92 93 94 95 95 96 96 95 95 95 96 96 96 97 98 99 101 102 104
93 94 94 93 93 92 91 92 93 93 93 92 90 87 85 82 82 83 86 87 89 88 88 88 87 86 84 83 82 83 83 83 82 81 80 81 82 82 82 82 83 83 84 84 84 84 84 85 87 89 90 91 92 93 94 95 95 94 94 94 93 92 92 90 88 87 86 86 86 86 87 87 87 89 90 91 92 93 93 93 93 93 93 93 94 95 95 97 98 101 102 104
92 93 93 93 92 91 92 93 94 94 94 92 91 88 86 84 84 85 86 87 88 88 87 87 86 86 85 83 81 80 79 79 79 80 80 80 81 81 81 82 82 82 83 83 83 84 84 85 86 89 92 94 94 96 96 97 98 98 96 96 95 93 93 91 89 88 87 85 84 85 84 84 86 86 88 90 92 92 93 92 90 90 91 91 92 93 95 96 98 100 102 105
