kuenm_practice/Projection_variables/cc_rcp45/bio_5.asc
NCOLS 360 
NROWS 210 
XLLCORNER -125 
YLLCORNER 20 
CELLSIZE 0.166666666666667 
NODATA_value -32768 
[rows 39 to 77 of 210, columns 0 to 87 of 360]
-32768 189 200 213 231 231 231 229 230 235 236 241 241 240 244 259 261 242 235 238 266 242 231 226 248 248 230 260 306 309 273 300 335 324 296 286 296 309 286 295 329 315 325 320 299 302 312 298 309 283 289 307 285 276 310 287 319 306 307 288 283 279 293 304 296 294 277 274 258 247 265 274 282 289 292 297 300 305 311 315 318 321 324 326 327 326 327 328
-32768 194 204 221 235 241 241 225 228 -32768 -32768 246 -32768 243 245 256 259 259 252 243 261 249 237 229 219 234 274 221 272 315 302 331 328 327 320 314 323 317 304 307 331 320 313 330 305 310 323 313 312 301 305 308 294 280 297 274 299 299 303 296 296 278 285 304 307 283 277 270 268 260 252 255 270 285 292 296 298 303 310 314 315 320 326 329 331 332 333 334
-32768 200 212 228 236 234 231 228 235 233 243 247 250 253 253 255 260 264 259 242 236 237 229 208 221 225 240 272 269 302 327 336 335 335 338 339 334 322 321 326 335 312 320 329 320 323 323 318 308 308 302 301 294 303 302 296 280 301 298 295 293 295 290 290 302 305 278 279 270 262 262 255 251 267 286 293 298 304 310 314 318 320 321 324 326 329 333 334
-32768 207 219 233 236 224 220 204 208 200 200 216 250 260 261 257 259 269 270 265 241 233 229 230 255 268 247 261 302 315 329 324 334 335 334 339 336 336 331 330 332 327 330 329 326 330 324 301 309 313 299 292 294 294 291 313 301 293 292 296 283 294 298 290 300 306 284 275 272 275 260 251 251 255 286 296 303 307 310 313 316 319 322 325 328 331 337 337
-32768 -32768 225 231 237 235 225 204 198 198 193 215 252 268 266 264 267 271 271 250 244 242 247 225 229 286 287 297 323 323 320 325 333 335 339 337 336 332 327 329 328 328 327 324 328 330 326 322 321 318 298 295 297 300 302 295 314 306 279 302 290 296 313 304 307 310 279 284 257 272 255 247 266 247 287 298 302 307 306 309 311 312 316 323 327 329 328 326
-32768 -32768 -32768 229 233 235 228 225 222 213 208 243 271 269 269 271 277 272 271 258 237 226 215 214 219 257 320 295 319 308 326 330 332 341 347 345 342 335 331 329 327 325 322 321 320 323 319 311 311 317 310 313 314 306 306 290 299 316 306 300 310 298 319 314 315 308 264 298 256 265 272 249 264 268 294 301 302 307 308 312 316 316 317 323 322 315 312 319
-32768 -32768 -32768 225 226 232 237 231 232 235 258 273 274 273 271 272 281 275 259 252 236 226 225 232 224 239 287 315 333 324 330 334 340 351 349 347 344 339 336 333 331 330 326 323 321 317 316 315 315 319 313 293 299 293 298 297 296 303 301 300 317 307 317 313 319 314 260 287 281 256 268 264 256 264 290 303 306 308 311 316 319 317 316 315 315 304 286 303
-32768 -32768 -32768 -32768 220 224 231 238 248 258 270 277 276 277 275 277 282 278 260 246 239 238 247 268 284 279 247 252 280 338 340 341 349 353 350 346 342 340 338 337 337 335 332 327 323 317 313 311 310 305 313 309 308 306 305 302 300 293 297 312 311 290 291 291 308 308 280 270 293 273 260 260 260 256 264 287 306 309 301 316 319 316 305 302 303 301 303 309
-32768 -32768 -32768 -32768 215 218 223 235 250 264 267 272 278 278 275 275 276 267 243 234 237 218 231 231 252 295 313 305 290 333 345 348 350 351 348 347 346 345 343 341 341 341 339 334 326 317 312 311 306 302 301 306 300 289 283 292 292 295 284 281 296 315 297 305 297 298 265 275 290 298 299 289 279 261 275 280 292 312 314 292 297 301 298 278 282 283 272 290
-32768 -32768 -32768 -32768 210 211 217 230 246 258 262 268 277 276 277 276 270 252 227 177 206 209 227 253 254 284 306 322 311 329 350 349 352 350 349 344 345 348 349 347 347 346 346 341 332 321 315 312 310 308 303 306 299 294 313 308 297 300 287 292 277 303 294 294 305 319 299 291 306 302 283 300 298 289 285 280 292 306 306 280 279 287 295 280 260 258 250 266
-32768 -32768 -32768 -32768 -32768 209 216 228 241 246 260 272 277 274 258 256 258 253 237 215 245 220 217 245 276 297 320 321 312 326 353 349 352 352 347 346 350 354 353 352 353 350 348 346 342 329 317 314 308 313 316 308 310 308 318 302 307 301 295 300 288 276 292 291 286 313 291 299 295 290 288 289 279 289 276 282 298 312 319 302 279 280 297 297 280 266 255 265
-32768 -32768 -32768 -32768 -32768 212 217 222 238 242 254 268 277 279 274 263 262 257 258 264 250 222 233 241 277 314 335 335 320 311 334 354 358 357 351 352 354 354 356 355 358 356 353 352 343 333 324 315 315 329 331 314 326 315 309 300 299 307 286 290 285 290 287 270 261 318 300 277 277 279 300 300 300 292 296 288 293 309 319 315 317 282 277 300 295 280 282 284
-32768 -32768 -32768 -32768 -32768 211 213 221 230 230 237 259 277 282 273 262 257 251 263 254 241 225 233 239 300 335 347 352 347 338 330 325 338 355 355 354 355 354 355 350 344 344 340 332 321 322 339 344 345 345 321 321 325 320 310 304 288 295 297 292 289 273 282 265 288 321 285 270 273 276 279 253 272 304 281 267 261 297 287 271 319 315 272 278 294 269 282 290
-32768 -32768 -32768 -32768 -32768 210 212 224 236 245 246 255 273 272 262 251 233 244 247 251 225 218 263 265 288 304 327 341 349 355 351 342 340 348 355 359 356 354 353 354 352 340 323 299 285 297 321 331 332 305 297 303 310 330 319 308 307 307 279 277 297 287 275 262 290 316 273 259 277 282 268 250 283 302 268 270 275 298 272 284 315 320 288 282 288 290 272 260
-32768 -32768 -32768 -32768 -32768 -32768 217 221 223 234 248 259 274 271 267 257 263 270 267 244 263 257 301 297 272 278 309 304 319 328 337 344 343 338 339 344 355 355 358 359 353 320 286 280 287 294 314 324 326 293 302 297 313 324 340 315 312 302 302 302 307 296 279 265 299 298 276 257 269 260 244 253 287 295 282 267 263 285 308 306 321 321 296 291 274 289 292 247
-32768 -32768 -32768 -32768 -32768 -32768 210 215 226 235 250 256 276 285 280 280 268 256 272 259 288 307 302 314 305 299 307 312 319 337 352 357 357 354 353 352 344 341 347 352 335 299 278 296 314 320 304 305 314 330 304 318 315 311 310 283 288 290 296 274 293 302 278 258 281 303 293 277 254 252 271 276 256 279 286 278 302 307 309 309 324 323 313 293 267 288 301 279
-32768 -32768 -32768 -32768 -32768 -32768 209 217 220 228 254 258 279 292 287 280 265 267 288 292 307 314 318 319 326 333 341 344 349 358 359 357 353 352 353 352 348 348 348 336 311 287 305 308 303 298 297 297 288 334 330 307 329 285 294 283 286 292 282 276 274 293 277 280 288 271 276 260 278 287 264 260 268 282 267 262 313 292 297 315 318 317 319 312 276 272 303 309
-32768 -32768 -32768 -32768 -32768 -32768 210 215 225 228 260 287 289 292 296 297 290 274 269 263 299 300 329 344 343 335 337 350 351 352 351 346 345 341 340 338 347 354 328 311 298 300 325 314 311 309 297 296 307 304 303 312 317 282 260 263 265 275 291 286 274 273 266 270 282 271 289 271 285 283 249 254 240 291 288 302 303 237 258 299 300 297 298 289 272 279 299 266
-32768 -32768 -32768 -32768 -32768 -32768 212 221 232 238 275 288 293 296 300 296 287 274 259 235 250 273 314 326 327 321 329 336 335 335 337 335 328 320 319 324 330 321 308 294 307 316 331 288 276 279 303 297 300 295 305 301 309 303 286 293 307 292 272 281 302 289 279 277 296 300 305 253 274 276 257 255 248 297 313 317 305 287 259 303 273 250 258 248 241 289 279 226
-32768 -32768 -32768 -32768 -32768 -32768 218 227 238 252 288 298 297 299 299 288 279 255 256 244 249 288 326 335 332 324 330 324 317 321 322 319 316 305 293 298 299 286 290 304 303 309 330 297 264 244 250 272 289 305 265 292 278 266 263 268 283 271 263 274 267 274 285 297 285 263 313 286 253 268 259 286 283 307 317 299 269 292 266 303 269 240 259 235 282 269 246 232
-32768 -32768 -32768 -32768 -32768 215 223 235 259 279 296 300 300 297 289 268 247 262 255 255 271 300 320 335 325 320 327 331 319 307 304 299 299 295 290 297 309 292 276 288 271 294 320 310 288 263 252 268 299 320 279 295 295 270 258 286 283 255 262 277 285 294 254 267 286 269 312 317 277 262 277 297 296 299 297 280 286 287 259 280 276 234 255 249 252 274 243 241
-32768 -32768 -32768 -32768 -32768 214 224 230 241 276 298 299 299 289 266 256 252 257 260 251 287 312 316 340 321 320 320 338 312 306 310 316 310 328 328 315 305 287 282 273 249 285 326 323 328 314 309 331 341 314 308 315 310 298 265 296 274 269 258 268 266 299 277 276 259 281 292 286 304 266 286 284 291 279 267 280 273 253 249 240 275 234 238 250 234 255 258 265
-32768 -32768 -32768 -32768 -32768 207 224 247 260 282 294 300 299 293 280 272 262 271 264 240 282 315 344 344 336 320 319 338 337 328 319 322 331 331 310 312 308 289 265 287 290 288 314 321 326 321 334 343 326 283 320 339 284 307 288 278 268 258 267 286 290 280 267 265 280 315 273 266 294 286 270 262 264 295 292 274 262 262 262 261 274 255 273 282 257 251 239 240
-32768 -32768 -32768 -32768 -32768 208 226 250 263 278 292 300 301 295 268 268 268 268 265 258 293 320 332 329 312 297 295 307 326 310 308 313 324 305 303 295 294 296 298 299 312 308 309 311 319 335 314 327 301 347 358 350 296 305 291 281 268 264 272 267 264 268 261 263 311 307 326 281 242 279 297 252 273 275 277 286 286 275 269 270 263 272 275 264 259 258 241 243
-32768 -32768 -32768 -32768 -32768 219 231 246 260 277 295 300 295 296 286 284 273 270 264 282 299 320 330 323 317 309 299 292 287 289 288 300 330 320 328 334 323 321 309 278 310 322 323 333 319 334 349 335 341 352 351 343 308 292 301 289 278 275 266 267 254 257 256 255 301 303 271 313 271 253 268 276 249 265 278 274 285 284 288 286 286 291 285 251 244 247 246 249
-32768 -32768 -32768 -32768 -32768 220 236 254 258 278 297 301 284 289 279 280 288 292 270 258 303 320 327 330 326 318 314 301 297 314 317 312 318 313 295 300 301 277 277 281 294 308 331 327 346 351 361 365 366 357 344 331 330 305 321 284 288 272 275 269 277 265 273 277 296 281 263 268 276 295 273 272 279 277 308 325 326 314 301 296 291 294 291 275 259 243 248 247
-32768 -32768 -32768 -32768 -32768 228 244 258 269 285 299 301 295 289 291 297 295 287 273 236 257 304 317 325 325 322 308 310 316 329 327 318 304 309 295 295 303 294 297 299 317 321 342 343 338 365 366 364 370 361 357 335 337 318 338 306 309 294 279 261 267 255 236 267 275 265 302 252 241 281 308 260 302 311 340 341 338 327 313 313 311 307 304 295 274 266 250 239
-32768 -32768 -32768 -32768 -32768 233 245 257 275 283 292 294 292 296 293 293 284 284 268 270 278 299 296 310 310 312 313 309 316 322 317 306 292 295 301 296 302 302 329 321 337 331 330 357 367 369 366 366 366 365 363 355 348 317 324 302 304 298 283 257 254 259 242 240 250 267 266 273 289 288 290 323 303 342 345 343 340 332 326 321 314 305 300 288 250 251 274 260
-32768 -32768 -32768 -32768 223 233 250 266 280 288 295 291 290 287 291 307 295 270 270 295 303 303 264 288 299 309 313 318 312 327 318 308 309 304 310 308 299 305 323 344 341 353 343 356 354 356 358 367 364 364 363 359 345 315 330 313 321 303 289 272 265 256 261 280 263 238 249 260 289 313 297 312 344 345 343 339 337 333 328 319 302 281 294 297 240 257 275 254
-32768 -32768 -32768 -32768 218 232 248 271 294 293 302 290 285 287 284 300 284 262 282 293 310 307 290 300 303 309 312 313 323 323 322 321 324 319 314 322 326 328 324 318 345 342 332 339 338 354 346 361 365 362 365 361 361 345 338 339 308 286 314 290 286 280 273 292 294 292 279 278 299 327 328 334 341 337 331 331 332 332 327 317 304 292 284 280 245 294 261 247
-32768 -32768 -32768 208 215 236 253 269 290 305 311 299 291 297 299 287 284 265 292 308 302 299 308 319 321 320 327 326 324 325 317 325 329 332 326 326 328 329 328 326 344 331 326 339 340 357 351 340 341 358 365 361 361 356 349 336 331 323 322 309 309 313 312 315 323 312 318 317 317 326 329 332 335 334 334 333 334 334 316 306 292 301 297 261 276 287 238 228
-32768 -32768 -32768 210 223 244 257 267 282 317 318 312 302 294 299 303 286 269 276 300 294 293 296 322 325 328 328 333 328 330 325 329 328 332 332 332 330 330 331 333 331 326 345 342 349 353 332 337 322 335 363 367 361 362 364 360 344 320 319 324 324 327 325 332 334 332 335 335 331 331 332 329 333 338 340 339 337 325 297 294 293 284 282 295 264 282 265 275
-32768 -32768 -32768 218 234 255 269 271 297 314 316 313 297 309 307 279 267 260 301 313 310 305 306 318 320 317 316 321 329 336 330 329 321 321 319 323 325 330 326 317 328 343 348 358 350 343 341 339 318 308 343 368 376 371 370 370 370 365 357 351 351 349 350 348 342 338 336 338 339 336 332 329 336 340 341 338 327 310 305 294 294 295 279 299 274 270 242 265
-32768 -32768 216 221 238 261 261 276 291 304 316 317 320 307 294 300 265 250 295 318 318 295 283 307 285 327 321 316 325 337 319 321 322 317 320 318 321 319 307 308 332 329 351 362 359 349 345 341 332 312 319 351 365 375 378 378 379 379 380 373 368 364 363 358 349 342 340 341 340 337 332 333 337 341 341 331 313 295 306 299 301 290 283 292 281 264 240 256
-32768 -32768 218 225 237 248 263 274 294 307 303 302 306 319 319 317 272 292 304 314 310 309 304 308 287 309 323 319 331 325 329 332 332 325 329 328 319 302 276 332 336 341 355 364 361 349 343 336 315 315 320 317 336 359 370 371 366 370 371 366 368 366 360 352 348 341 337 340 342 341 340 340 339 330 328 313 324 296 316 307 304 296 280 288 286 250 237 259
-32768 -32768 -32768 229 238 258 259 272 307 324 314 325 334 339 321 316 268 298 320 316 313 312 311 308 283 274 302 325 328 309 331 328 316 324 332 334 318 304 303 346 342 353 360 359 358 346 343 341 328 322 322 316 319 333 343 354 355 354 353 355 357 355 352 349 344 342 340 342 342 340 344 335 334 313 327 313 328 318 302 317 301 293 276 282 275 245 238 264
-32768 -32768 -32768 225 234 252 275 281 307 339 332 339 352 344 331 306 275 297 320 300 318 320 317 317 305 291 298 304 306 308 332 302 310 321 321 331 334 312 346 343 347 346 347 348 342 341 342 339 323 331 332 324 323 319 332 341 347 343 341 343 345 341 334 333 331 331 333 333 324 333 343 320 320 314 322 318 317 326 299 324 281 309 284 289 284 257 252 254
-32768 -32768 -32768 221 235 258 268 291 326 306 340 331 332 333 309 292 289 295 319 321 324 325 311 310 304 303 300 320 299 305 320 326 314 318 319 327 325 326 351 337 336 314 334 339 326 331 336 336 340 337 338 331 328 326 326 337 339 335 334 330 331 332 330 314 302 304 324 307 302 331 340 325 319 328 327 324 326 313 333 323 277 311 309 304 288 262 260 275
-32768 -32768 -32768 217 231 257 268 297 321 284 294 328 297 286 319 312 318 314 315 325 320 323 322 317 307 306 315 327 299 306 331 325 320 315 312 314 329 322 345 330 299 317 324 351 326 321 329 335 339 339 339 335 331 319 316 328 328 328 329 319 305 329 319 318 300 312 314 303 322 330 335 313 344 343 334 331 339 321 347 326 269 299 303 297 305 279 278 290
