kuenm_practice/Projection_variables/cc_rcp85/bio_5.asc
NCOLS 360 
NROWS 210 
XLLCORNER -125 
YLLCORNER 20 
CELLSIZE 0.166666666666667 
NODATA_value -32768 
[rows 0 to 38 of 210, columns 176 to 263 of 360]
260 259 258 258 257 257 256 255 255 254 253 252 250 249 248 248 246 246 245 244 243 242 242 242 241 241 240 239 239 239 238 237 236 236 236 236 235 235 235 234 234 233 233 232 232 232 232 231 230 230 230 230 229 229 229 229 229 229 229 229 229 229 228 228 227 228 227 227 226 226 225 225 225 224 224 224 223 222 221 221 221 -32768 -32768 -32768 -32768 -32768 -32768 -32768
261 261 259 259 258 257 257 257 256 255 254 253 251 251 250 249 248 247 246 245 244 243 243 242 241 241 241 240 239 239 238 238 237 237 237 236 235 235 235 235 235 234 234 233 233 233 233 233 233 232 232 232 231 231 231 231 231 231 231 231 231 230 229 228 228 228 228 228 227 227 227 227 227 226 226 225 225 225 224 223 223 -32768 -32768 -32768 -32768 -32768 -32768 -32768
262 262 261 259 259 258 258 258 257 256 255 254 253 252 251 249 249 248 248 246 246 245 244 242 242 241 240 240 240 240 239 238 238 238 237 237 237 236 236 236 236 235 234 234 234 234 235 235 234 235 235 234 234 234 233 233 233 233 233 233 233 232 231 230 229 229 229 229 229 229 229 229 229 228 228 228 228 227 226 226 225 -32768 -32768 -32768 -32768 -32768 -32768 -32768
263 262 262 260 260 260 259 258 257 256 255 255 254 253 251 250 250 250 249 248 246 245 244 243 242 242 241 240 240 239 239 239 239 238 238 238 238 238 238 237 237 236 236 236 235 235 235 235 236 236 236 236 236 235 235 235 235 235 235 235 235 234 233 232 232 232 231 231 230 230 230 231 231 230 230 230 230 229 229 229 227 -32768 -32768 -32768 -32768 -32768 -32768 222
263 263 262 262 261 260 259 258 257 257 256 256 255 253 252 251 251 250 250 249 247 246 246 245 244 243 242 241 241 240 240 239 239 239 238 238 238 238 238 238 237 238 238 237 237 237 237 237 238 239 238 238 238 238 237 237 236 237 237 237 237 236 235 235 234 234 233 232 232 232 233 234 233 233 233 233 232 232 232 231 -32768 -32768 -32768 -32768 -32768 -32768 -32768 -32768
263 263 263 262 260 259 259 259 258 257 257 257 256 255 253 253 252 251 251 250 248 248 247 247 245 244 243 243 242 242 241 240 240 239 239 239 239 239 239 239 239 239 239 239 239 239 240 240 240 241 240 240 240 239 239 239 239 239 239 239 239 238 238 238 237 237 236 236 235 233 235 235 235 235 234 234 234 234 233 233 233 -32768 -32768 -32768 -32768 -32768 -32768 -32768
263 263 263 263 262 261 260 259 259 258 258 258 256 256 255 253 252 252 252 251 250 249 248 248 247 245 245 244 244 243 243 242 241 240 240 239 239 239 239 240 240 240 240 240 240 241 241 242 242 242 242 242 241 241 241 242 242 241 241 241 241 241 241 240 240 240 239 239 238 238 237 237 237 237 237 237 237 236 236 235 234 234 -32768 -32768 -32768 -32768 -32768 -32768
264 264 263 264 264 263 262 262 261 261 260 259 258 257 256 255 254 253 252 252 252 251 250 249 249 247 246 246 245 245 244 244 243 243 242 241 241 241 241 241 241 241 241 241 242 242 242 242 243 243 243 243 243 243 243 243 243 243 243 243 243 243 243 242 242 242 241 241 240 240 240 240 240 240 239 239 239 238 238 238 236 235 -32768 -32768 -32768 -32768 -32768 -32768
265 265 264 264 264 264 263 263 262 261 260 259 259 258 257 257 256 254 253 253 252 251 251 250 249 249 249 248 246 245 245 245 244 243 243 242 242 242 242 242 243 243 243 243 244 243 243 244 244 244 244 244 244 244 244 245 245 245 244 245 244 244 244 244 244 244 244 243 243 243 243 243 242 242 242 241 241 241 240 240 239 -32768 -32768 -32768 -32768 -32768 -32768 -32768
265 265 265 265 264 263 263 263 263 261 260 259 259 259 258 257 256 255 255 254 253 252 252 252 251 251 250 250 249 248 247 246 245 244 244 244 244 244 244 245 244 244 244 244 244 244 244 245 245 245 245 245 245 245 246 246 246 246 246 246 246 246 245 245 245 245 245 245 244 245 245 245 245 244 244 244 243 243 242 242 241 241 -32768 -32768 -32768 -32768 -32768 -32768
265 265 265 265 265 264 264 264 263 262 262 262 261 260 259 258 257 257 257 257 256 255 254 252 252 252 252 251 251 249 248 247 247 247 246 246 245 245 245 245 245 245 245 245 245 245 245 245 245 246 246 246 246 247 247 247 247 248 248 248 248 248 248 247 247 247 247 246 246 247 247 247 247 246 246 246 246 245 245 244 243 242 -32768 239 238 237 235 234
267 266 266 266 266 265 265 265 265 264 264 263 263 262 262 261 261 260 260 259 258 257 256 255 253 253 253 252 252 250 249 249 249 250 249 249 248 248 247 247 247 247 246 247 247 247 247 247 247 247 247 248 248 249 249 249 249 249 249 249 250 250 249 249 249 249 249 249 249 249 248 249 249 249 249 248 248 248 247 247 246 245 243 241 239 237 236 235
268 268 267 267 266 266 266 265 265 265 265 265 264 264 262 262 262 261 260 259 259 259 258 258 256 256 254 253 253 252 251 251 251 251 252 251 251 251 250 249 249 249 249 249 249 249 249 248 249 249 249 249 250 250 250 250 250 250 251 251 251 251 251 251 251 251 250 250 251 251 251 251 251 251 251 251 251 250 250 249 248 248 244 242 241 239 238 237
268 268 268 268 267 267 267 267 266 266 266 265 265 265 264 263 262 262 262 260 260 260 259 258 257 257 256 255 256 255 254 254 253 254 253 252 252 252 252 251 251 251 250 250 250 250 249 249 250 250 251 251 251 251 251 252 252 252 253 253 252 252 252 252 252 251 252 253 253 253 253 253 253 253 253 253 252 252 252 251 250 249 249 -32768 -32768 -32768 239 238
270 270 269 269 268 268 268 268 267 267 267 266 266 265 266 265 264 262 262 262 261 260 259 258 258 257 257 256 256 256 256 256 256 256 254 253 253 252 252 252 252 252 251 251 251 251 251 251 251 251 252 252 252 252 253 254 254 254 254 254 254 254 254 254 254 254 254 254 254 254 255 255 255 255 255 255 255 255 254 254 252 251 250 249 250 -32768 -32768 -32768
271 271 271 270 270 269 268 268 268 268 267 266 266 266 265 265 265 264 262 261 261 260 260 259 259 258 257 257 257 257 257 257 257 257 256 255 255 255 254 254 254 254 253 253 253 253 253 253 252 253 253 253 253 255 255 255 255 255 255 255 255 255 255 255 255 255 255 256 256 256 257 257 257 257 257 257 256 256 256 255 254 254 253 251 250 -32768 -32768 -32768
272 273 272 272 271 270 270 270 270 269 268 267 267 266 266 265 265 264 264 263 262 261 259 259 259 258 259 259 259 259 258 259 259 259 259 259 258 257 257 256 256 256 255 255 255 255 255 254 254 254 255 255 256 256 257 257 257 257 257 257 257 257 257 256 257 257 257 257 257 258 258 258 259 259 258 258 258 258 257 257 256 256 254 254 252 252 -32768 -32768
275 274 274 273 273 273 272 272 272 271 270 269 268 267 267 266 266 265 264 263 263 262 261 261 261 262 262 261 260 260 260 260 260 260 260 260 260 258 258 257 257 257 257 257 256 256 255 255 256 257 257 257 257 258 258 258 258 258 258 258 258 258 258 258 259 259 259 260 260 260 261 261 260 260 260 260 260 260 259 259 258 257 257 256 255 253 252 250
277 277 276 275 274 274 273 272 272 273 272 271 270 269 269 268 267 267 266 265 263 263 263 262 262 262 263 263 262 262 261 260 261 262 261 261 261 261 260 259 259 258 257 257 257 256 256 257 257 257 257 258 258 259 259 259 260 260 260 260 260 260 260 261 261 261 261 262 262 262 262 262 263 262 262 262 262 262 261 261 260 259 259 257 256 254 253 251
279 278 278 277 276 275 274 273 273 274 274 273 272 271 271 270 269 268 267 265 265 265 266 265 265 264 264 265 264 264 264 264 264 264 264 264 263 262 261 260 259 258 258 258 257 258 258 257 257 258 258 259 259 260 260 261 262 262 262 262 262 262 262 263 262 262 262 263 264 264 264 264 264 264 264 264 263 263 263 262 262 261 260 259 257 256 254 253
280 280 279 278 277 277 276 274 274 274 273 272 271 271 270 270 270 269 268 267 266 267 267 266 266 266 266 267 267 266 266 266 266 266 266 264 263 263 263 262 261 261 260 260 260 260 260 259 259 259 259 260 261 261 262 262 263 263 264 264 264 264 264 264 264 264 264 265 266 265 266 266 266 266 266 266 266 266 265 264 263 262 262 260 259 258 256 255
282 281 280 279 279 278 277 276 274 274 273 273 272 271 271 269 269 269 269 270 269 268 269 268 268 267 268 268 268 268 267 267 268 267 266 265 265 265 265 264 263 262 262 262 262 261 261 261 260 260 261 261 261 262 263 264 264 265 265 265 265 266 266 266 265 265 266 267 267 267 267 268 268 267 268 268 267 267 266 266 265 264 263 263 262 260 259 258
284 283 282 281 280 280 279 278 276 275 276 276 274 273 273 272 271 271 270 270 270 270 270 270 270 269 269 269 269 270 270 269 269 269 268 268 268 266 266 266 264 263 264 263 262 262 261 261 262 262 262 262 263 263 264 265 265 266 267 266 266 267 267 267 268 268 268 269 269 269 269 268 268 269 270 269 268 268 267 267 267 266 265 265 264 263 262 261
286 285 284 282 281 280 280 279 278 277 278 278 276 275 274 274 273 272 272 271 271 270 270 270 271 271 271 271 271 271 271 271 271 270 269 269 269 268 267 266 266 265 264 263 262 262 262 261 261 262 262 263 263 264 264 265 266 267 267 268 268 268 268 268 269 270 271 271 271 270 270 270 271 270 271 270 270 270 269 269 269 268 267 267 266 266 265 263
287 286 285 283 282 281 280 279 278 278 277 278 278 277 276 276 274 274 273 272 272 271 272 272 271 272 272 272 272 271 272 272 272 271 271 270 270 270 268 268 267 266 265 264 263 262 262 262 261 262 262 262 263 264 265 265 267 268 268 269 270 270 270 270 271 271 272 272 271 271 272 272 272 272 271 270 270 271 271 270 270 270 270 270 268 267 267 266
286 286 286 284 284 282 281 281 281 281 279 279 279 279 278 276 275 274 274 272 272 273 273 273 274 273 273 272 272 272 272 272 272 272 272 273 272 272 271 270 268 267 266 265 264 263 263 263 262 263 263 264 264 264 265 266 267 269 269 270 271 271 271 272 271 272 273 273 273 274 274 273 273 272 271 271 271 271 272 272 272 272 272 272 271 270 269 267
287 286 285 285 285 284 282 283 282 280 281 281 280 279 279 278 277 277 275 275 276 276 276 275 274 273 273 273 273 272 272 273 273 273 274 274 274 274 273 271 269 268 268 266 266 264 264 264 264 264 263 263 264 265 265 266 267 269 270 270 271 272 272 272 272 272 274 275 275 275 274 274 273 273 272 272 272 273 274 274 275 274 274 273 273 272 270 269
288 288 287 286 286 286 286 285 284 283 283 283 281 280 280 279 279 279 278 278 278 278 278 277 276 274 274 273 273 272 273 273 274 274 274 274 275 275 274 274 272 271 271 269 267 266 265 265 264 264 264 264 264 264 265 266 268 269 271 272 272 272 272 272 274 274 275 276 277 276 275 275 274 274 273 274 274 275 276 277 276 275 275 275 274 272 270 268
288 288 288 288 288 288 288 288 286 285 284 283 281 280 279 279 278 279 279 279 279 278 279 278 277 276 275 274 273 272 273 274 274 274 274 274 275 276 276 275 274 274 274 273 271 269 267 267 265 265 264 264 264 264 265 267 268 269 271 273 274 274 274 275 275 276 276 277 277 277 276 275 274 274 275 276 276 276 277 278 277 277 276 275 274 272 269 267
289 289 289 289 290 290 289 287 287 285 283 282 283 281 279 278 277 277 277 277 279 279 279 278 277 276 276 275 274 275 274 274 274 274 274 274 275 276 278 278 276 277 276 275 275 272 270 268 266 265 264 264 264 264 266 268 269 271 272 273 274 274 275 276 276 276 277 277 277 277 276 275 275 275 275 276 276 276 277 277 277 276 275 273 273 271 269 268
290 289 289 289 290 290 292 290 287 284 282 281 281 282 280 279 279 278 278 278 278 278 278 277 276 276 276 275 275 274 274 275 275 274 274 275 276 279 280 279 278 278 277 277 276 275 272 269 266 264 263 263 263 265 267 269 270 271 272 273 274 274 274 274 274 275 276 276 276 275 275 274 274 275 275 275 275 275 275 275 275 275 273 271 272 270 270 268
290 290 290 289 290 291 292 291 288 286 283 282 282 282 282 282 280 280 279 278 276 276 276 275 275 276 275 274 274 274 274 275 275 275 276 277 278 280 280 281 280 279 278 278 277 275 272 269 266 263 261 261 263 265 267 268 269 271 272 273 274 275 274 273 273 273 274 274 273 274 275 275 275 275 275 275 275 275 275 275 275 275 274 273 272 271 270 269
291 292 291 292 292 292 293 292 289 286 285 284 282 282 282 282 281 280 281 280 278 276 275 274 274 276 277 276 274 274 274 274 275 275 277 277 279 279 282 282 281 279 278 278 277 274 270 265 261 260 257 258 259 260 262 264 266 268 271 272 273 272 271 271 272 272 272 274 274 274 275 275 275 275 276 275 275 275 275 276 275 275 275 274 273 273 271 270
292 291 292 292 292 293 292 290 291 290 288 287 286 283 282 281 282 281 279 280 279 276 274 273 274 276 278 277 275 274 274 274 275 276 276 277 278 279 280 281 280 279 278 277 275 270 264 260 257 255 253 251 252 252 255 258 261 265 270 272 272 271 271 271 271 271 272 273 274 274 274 274 275 276 275 275 275 275 275 275 275 275 275 275 274 274 273 272
293 292 293 293 293 293 292 291 291 290 289 288 287 287 285 284 284 282 281 281 280 279 277 276 275 278 280 278 276 275 274 274 275 276 276 276 276 277 278 277 279 278 275 275 273 266 260 256 252 249 247 246 245 246 248 251 255 262 267 270 269 269 269 269 269 270 271 273 273 274 274 274 275 276 275 275 275 275 275 274 274 275 275 275 274 274 273 273
295 295 295 295 295 293 292 292 291 291 290 288 288 288 287 286 286 286 285 285 283 280 280 279 278 279 280 280 280 278 277 277 277 277 277 277 277 277 276 276 276 275 274 272 273 268 257 253 248 244 240 239 239 240 241 244 248 255 260 264 266 267 267 268 269 270 272 273 273 274 274 274 274 276 275 275 275 275 274 274 274 275 274 274 275 274 274 273
297 298 297 296 295 294 293 292 291 291 291 291 291 291 290 289 289 289 287 288 286 284 282 281 281 283 283 282 281 280 279 278 278 277 277 277 278 276 275 274 273 273 272 270 270 268 261 256 248 241 236 235 234 234 234 235 240 246 254 258 262 264 265 267 268 269 271 273 274 274 273 274 274 276 275 275 275 274 273 273 273 274 274 274 276 276 275 275
300 299 298 296 296 295 293 292 294 294 294 293 293 294 294 293 292 291 291 290 289 287 286 286 285 284 284 284 282 280 279 278 277 276 276 276 278 276 274 272 269 269 272 271 266 264 260 255 251 245 239 237 236 236 233 233 236 241 248 254 258 261 262 263 264 268 271 273 273 273 273 274 275 275 274 273 274 273 272 271 273 273 274 275 276 277 276 275
303 301 300 299 297 297 296 296 296 297 298 297 296 296 296 296 295 295 294 292 290 290 289 288 288 288 287 286 284 282 279 277 276 276 277 278 279 276 275 273 275 273 273 270 267 264 260 255 250 245 241 238 236 236 235 235 237 239 245 250 254 257 259 260 262 265 269 271 273 272 272 274 275 275 274 273 273 272 270 271 272 273 274 275 277 278 277 276
