kuenm_practice/Projection_variables/cc_rcp85/bio_15.asc
NCOLS 360 
NROWS 210 
XLLCORNER -125 
YLLCORNER 20 
CELLSIZE 0.166666666666667 
NODATA_value -32768 
[rows 82 to 122 of 210, columns 0 to 90 of 360]
-32768 -32768 -32768 -32768 -32768 305 309 287 268 229 203 176 184 161 159 164 200 222 165 131 113 91 76 67 61 64 52 51 64 50 50 45 41 38 33 32 28 27 32 36 29 30 31 35 31 35 36 35 45 39 36 42 43 46 44 40 40 41 39 37 39 39 36 38 32 32 30 28 29 31 33 35 37 39 43 51 54 60 70 71 64 57 46 38 35 34 32 31 30 31 32
-32768 -32768 -32768 -32768 -32768 278 293 281 257 232 208 192 199 177 179 216 255 253 231 162 128 102 88 76 66 61 57 53 58 52 40 40 40 38 36 26 26 25 30 28 26 28 29 30 28 33 30 28 32 33 35 37 47 41 43 45 39 39 39 41 38 36 39 34 33 34 26 27 28 30 31 33 37 39 44 51 56 63 74 72 65 56 48 44 39 40 41 39 35 33 33
-32768 -32768 -32768 -32768 224 242 281 285 255 234 219 206 204 205 211 285 296 301 264 191 128 114 102 89 76 65 52 49 44 46 42 36 37 33 28 25 25 25 27 26 26 27 27 29 37 29 26 26 29 30 32 31 35 39 41 38 37 37 43 50 36 34 37 32 30 26 25 27 26 28 29 34 36 41 45 51 58 60 68 87 67 57 51 57 57 59 60 58 51 46 42
-32768 -32768 -32768 -32768 248 256 291 300 268 242 216 208 211 219 245 296 296 289 248 195 159 138 122 105 90 72 63 49 47 42 39 37 33 33 26 26 25 26 28 26 26 25 31 27 37 30 30 28 29 32 28 29 35 31 35 35 38 47 51 41 34 33 34 31 33 25 24 24 25 27 28 30 38 39 45 50 57 59 62 82 83 60 65 78 78 79 79 78 69 65 61
-32768 -32768 -32768 338 305 304 317 309 289 251 224 209 211 219 259 263 237 227 213 207 174 159 141 124 106 85 68 53 46 42 38 34 31 28 27 26 27 28 26 25 27 27 32 29 30 34 31 33 28 31 31 29 34 38 38 36 46 63 43 40 38 40 36 31 35 24 23 24 25 25 26 29 39 38 58 49 68 68 55 101 114 69 63 71 73 73 64 53 47 39 38
-32768 -32768 -32768 378 382 358 329 321 302 269 241 224 211 219 225 208 180 177 180 204 199 180 165 147 126 104 80 64 53 47 40 36 34 28 27 23 23 22 25 23 28 25 25 33 33 30 28 28 35 37 29 30 36 36 45 37 47 49 39 38 37 35 34 32 35 27 24 24 24 24 25 29 35 36 70 53 88 69 52 70 89 70 81 77 58 45 40 33 28 23 22
-32768 -32768 -32768 409 413 394 364 332 306 277 253 243 229 203 187 164 140 151 176 202 214 206 194 182 154 127 101 79 64 51 42 37 32 30 25 24 20 22 21 19 24 25 23 29 29 31 32 30 37 32 31 40 34 36 42 36 49 41 42 41 43 34 36 34 34 31 28 25 24 24 23 24 29 33 48 45 52 44 50 49 78 74 74 64 45 36 32 27 23 20 20
-32768 -32768 -32768 -32768 412 399 385 354 319 285 260 266 259 225 166 135 121 132 177 212 201 221 211 205 191 156 119 95 77 57 48 44 33 29 26 23 19 20 17 19 20 21 25 23 24 30 30 33 33 37 37 36 34 41 38 38 45 39 41 37 44 34 34 36 33 31 32 27 23 22 23 23 25 32 43 40 46 44 41 50 63 62 62 61 52 38 35 30 25 21 20
-32768 -32768 -32768 -32768 -32768 383 382 363 325 290 264 256 259 239 154 124 119 129 157 234 227 214 231 230 220 186 147 109 90 66 48 44 33 28 23 20 17 16 16 17 18 24 20 20 26 28 32 32 36 35 37 42 43 38 37 41 42 39 37 35 36 32 37 40 31 31 47 25 22 23 23 26 25 34 40 55 50 53 41 67 63 57 53 50 50 46 44 40 33 27 22
-32768 -32768 -32768 -32768 -32768 -32768 333 343 325 293 258 247 260 229 155 122 121 129 145 190 267 271 261 265 249 216 178 121 84 69 55 37 34 33 22 18 16 15 15 16 20 18 19 27 28 30 35 36 44 35 41 40 40 37 36 37 40 34 36 35 38 32 37 31 35 43 46 24 24 26 24 29 29 26 28 33 38 48 47 60 56 53 60 49 41 41 42 42 36 29 24
-32768 -32768 -32768 -32768 -32768 -32768 -32768 280 303 295 275 258 270 252 153 120 116 122 135 155 201 273 311 317 307 278 221 165 131 102 60 36 33 28 20 16 15 15 16 17 22 17 28 25 27 34 33 38 41 42 37 35 35 37 38 36 34 33 36 32 33 32 39 28 35 33 24 26 25 24 25 29 25 24 25 29 39 41 44 56 41 42 65 49 33 29 30 38 49 32 35
-32768 -32768 -32768 -32768 -32768 -32768 -32768 237 267 287 275 261 233 261 159 127 111 111 121 138 159 222 306 316 332 321 260 206 165 113 103 42 40 27 19 16 15 15 16 18 19 20 24 28 29 30 30 39 34 35 36 38 33 40 38 33 32 36 33 36 32 32 48 26 48 31 23 28 22 24 35 27 24 23 24 30 46 40 41 49 35 59 61 46 32 28 27 27 38 30 37
-32768 -32768 -32768 -32768 -32768 -32768 -32768 232 246 276 268 253 238 242 194 140 109 102 109 127 137 166 230 288 306 321 298 237 189 141 111 51 34 29 18 17 17 16 16 17 17 20 22 28 26 29 31 36 28 34 35 36 32 32 30 33 36 41 30 35 34 40 49 29 56 39 24 32 26 32 29 25 24 24 25 33 47 42 38 38 46 64 46 34 28 31 32 24 26 24 35
-32768 -32768 -32768 -32768 -32768 -32768 -32768 247 262 264 271 257 214 208 180 163 123 103 102 109 118 137 180 239 257 276 290 251 205 143 110 47 52 43 19 16 17 17 16 21 20 21 22 25 30 29 33 24 30 36 31 38 38 31 35 30 31 41 36 31 44 37 38 37 41 27 27 30 36 31 26 24 28 27 31 36 42 47 35 31 51 58 43 30 28 29 29 24 23 22 29
-32768 -32768 -32768 -32768 -32768 -32768 -32768 227 263 271 275 253 244 226 189 187 159 121 106 105 109 123 145 191 219 248 269 249 218 170 133 52 57 43 23 17 22 16 18 17 16 18 19 27 29 33 31 23 31 30 36 34 37 34 34 30 29 46 35 31 43 44 40 36 62 33 34 31 37 31 26 27 36 32 36 41 52 46 28 34 43 45 33 30 32 33 32 22 20 21 23
-32768 -32768 -32768 -32768 -32768 -32768 -32768 -32768 246 253 274 272 262 260 238 204 177 134 117 110 110 121 128 156 190 215 241 244 215 200 171 91 77 45 30 23 23 18 21 23 21 19 22 25 30 34 33 26 40 31 42 33 36 35 34 34 26 34 36 32 45 49 38 36 51 34 36 39 37 30 27 29 33 37 40 45 50 31 37 49 58 41 29 28 33 34 28 21 21 22 24
-32768 -32768 -32768 -32768 -32768 -32768 -32768 -32768 -32768 252 272 287 277 256 254 221 188 167 131 115 107 111 120 134 173 191 228 249 228 207 181 138 89 60 52 44 26 29 18 22 22 25 24 25 24 27 25 29 33 34 34 34 32 31 35 28 27 42 37 34 46 46 39 43 39 39 47 34 42 31 40 33 33 41 47 51 40 50 53 59 56 43 29 30 26 24 24 24 24 23 26
-32768 -32768 -32768 -32768 -32768 -32768 -32768 -32768 -32768 -32768 279 276 273 219 241 215 196 174 143 116 103 102 107 113 138 179 209 234 228 203 174 153 134 90 79 42 30 36 23 25 25 22 27 23 22 21 24 27 31 36 30 35 27 32 31 27 34 47 36 36 45 46 43 48 50 43 51 40 47 36 43 36 39 51 52 74 47 56 46 49 45 50 32 26 22 20 22 26 28 25 26
-32768 -32768 -32768 -32768 -32768 -32768 -32768 -32768 -32768 -32768 -32768 250 242 216 199 186 169 145 123 104 94 95 96 97 103 139 181 216 227 202 179 162 142 114 60 65 48 39 27 26 26 22 25 24 22 20 26 25 30 31 28 33 27 32 30 34 49 42 38 40 46 45 47 55 54 54 56 49 54 45 40 36 44 44 50 72 45 49 51 54 51 46 35 26 24 24 22 25 31 29 25
-32768 -32768 -32768 -32768 -32768 -32768 -32768 -32768 -32768 -32768 -32768 229 234 237 226 190 153 128 105 88 81 84 88 84 85 126 146 175 212 213 184 159 146 132 101 59 45 41 32 26 26 23 21 25 22 23 24 23 26 29 29 36 34 31 36 53 44 39 40 46 42 42 51 50 54 57 55 56 49 43 40 47 52 53 55 57 55 55 51 66 72 70 42 30 34 44 24 23 29 29 30
-32768 -32768 -32768 -32768 -32768 -32768 -32768 -32768 -32768 -32768 -32768 235 224 238 228 177 152 126 114 81 68 69 74 72 70 89 111 138 179 199 187 162 142 128 127 71 59 48 37 35 30 23 23 23 24 23 22 22 24 26 33 42 38 37 40 40 45 45 42 49 44 41 57 49 51 61 56 48 45 43 43 45 47 51 63 50 64 54 62 59 45 39 34 32 29 40 25 21 26 34 41
-32768 -32768 -32768 -32768 -32768 -32768 -32768 -32768 -32768 -32768 -32768 -32768 -32768 -32768 152 134 130 124 100 88 72 58 61 64 66 72 84 106 158 196 188 174 153 136 138 93 71 61 46 41 53 23 29 28 20 25 25 25 27 29 31 38 41 39 40 36 48 51 44 42 49 44 52 45 56 58 53 49 48 52 48 47 68 79 68 54 56 49 59 42 34 30 27 30 24 22 25 20 27 37 49
-32768 -32768 -32768 -32768 -32768 -32768 -32768 -32768 -32768 -32768 -32768 -32768 -32768 -32768 145 145 117 96 98 102 106 80 60 58 60 66 73 80 113 163 180 184 168 144 124 103 95 71 50 31 67 30 26 26 26 27 24 25 25 32 32 34 40 45 41 45 49 54 39 45 47 56 52 52 58 59 61 57 58 63 56 70 79 86 65 60 59 42 42 44 37 28 24 23 25 17 19 24 28 33 42
-32768 -32768 -32768 -32768 -32768 -32768 -32768 -32768 -32768 -32768 -32768 -32768 -32768 -32768 -32768 153 144 94 85 121 116 105 79 58 57 60 68 73 83 121 145 164 182 167 145 119 107 109 55 32 44 40 23 27 31 25 24 24 28 31 32 37 42 49 41 53 42 46 42 46 47 60 51 58 61 53 57 55 65 79 54 70 63 66 60 60 54 40 36 33 32 31 28 20 20 18 19 26 26 30 36
-32768 -32768 -32768 -32768 -32768 -32768 -32768 -32768 -32768 -32768 -32768 -32768 -32768 -32768 -32768 154 179 172 126 117 120 104 82 59 52 53 58 62 66 78 95 130 154 171 155 128 115 119 88 54 33 34 23 20 19 25 27 20 24 31 36 44 51 44 39 40 46 40 46 35 49 50 43 41 47 39 43 43 51 50 48 50 53 50 48 45 45 37 29 27 24 21 21 29 17 18 20 19 23 28 28
-32768 -32768 -32768 -32768 -32768 -32768 -32768 -32768 -32768 -32768 -32768 -32768 -32768 -32768 -32768 156 188 192 180 146 108 101 80 55 47 46 48 51 55 58 67 86 107 147 171 148 123 123 114 89 35 51 31 21 20 18 22 25 21 23 31 40 41 36 41 45 50 39 36 39 36 36 32 37 33 31 42 41 30 37 48 49 53 51 47 43 39 35 26 22 18 15 15 17 24 23 26 23 25 28 24
-32768 -32768 -32768 -32768 -32768 -32768 -32768 -32768 -32768 -32768 -32768 -32768 -32768 -32768 -32768 -32768 166 173 147 114 101 79 86 66 47 42 43 44 47 50 55 63 79 114 134 147 137 119 109 109 44 54 30 24 28 22 19 29 23 21 27 33 40 36 36 44 39 37 36 43 27 30 31 44 28 24 27 43 41 41 48 49 48 46 37 38 41 42 35 30 17 14 15 18 23 30 32 31 27 29 26
-32768 -32768 -32768 -32768 -32768 -32768 -32768 -32768 -32768 -32768 -32768 -32768 -32768 -32768 -32768 -32768 -32768 -32768 -32768 87 88 95 72 92 76 49 40 41 42 45 50 56 64 82 121 145 159 131 114 124 62 39 43 24 23 27 14 16 20 18 20 24 31 35 35 38 34 36 53 51 25 22 21 23 21 24 45 58 58 50 52 51 49 42 41 46 63 47 38 28 23 24 22 22 25 32 41 38 31 28 28
-32768 -32768 -32768 -32768 -32768 -32768 -32768 -32768 -32768 -32768 -32768 -32768 -32768 -32768 -32768 -32768 -32768 -32768 124 105 86 86 97 95 84 64 51 40 39 41 45 50 56 63 84 123 135 136 133 130 111 43 46 39 31 27 16 15 12 18 19 20 25 32 38 33 30 33 65 55 27 20 20 19 23 49 40 47 60 56 59 57 52 47 44 60 76 59 29 27 33 29 28 28 32 32 37 41 43 32 30
-32768 -32768 -32768 -32768 -32768 -32768 -32768 -32768 -32768 -32768 -32768 -32768 -32768 -32768 -32768 -32768 -32768 -32768 163 147 137 95 76 77 101 109 106 53 39 39 42 46 49 53 61 79 114 133 138 122 116 72 34 40 30 22 28 25 12 16 22 18 21 29 50 57 48 29 34 38 22 22 25 19 24 28 27 53 65 61 68 65 59 52 40 55 79 71 36 34 34 28 29 30 29 33 36 38 44 45 42
-32768 -32768 -32768 -32768 -32768 -32768 -32768 -32768 -32768 -32768 -32768 -32768 -32768 -32768 -32768 -32768 -32768 -32768 182 161 151 118 75 62 74 112 113 79 44 39 40 42 45 48 53 65 100 123 132 114 110 81 43 51 34 24 23 39 13 17 22 17 22 22 32 62 65 38 21 18 19 24 23 20 31 29 25 55 66 59 54 56 49 47 51 45 53 71 45 35 31 28 27 27 28 31 34 39 41 45 46
-32768 -32768 -32768 -32768 -32768 -32768 -32768 -32768 -32768 -32768 -32768 -32768 -32768 -32768 -32768 -32768 -32768 -32768 -32768 147 141 133 91 66 56 84 103 72 51 44 39 40 41 44 48 53 67 101 125 110 109 87 42 43 44 32 17 43 15 14 25 20 19 22 22 30 45 32 21 17 19 17 23 18 23 23 35 53 63 57 47 66 65 61 54 58 47 60 41 38 30 26 26 28 29 31 34 35 39 40 40
-32768 -32768 -32768 -32768 -32768 -32768 -32768 -32768 -32768 -32768 -32768 -32768 -32768 -32768 -32768 -32768 -32768 -32768 -32768 -32768 -32768 115 82 65 63 71 96 104 93 54 43 39 39 40 43 48 59 92 122 110 104 88 45 27 33 31 17 28 17 11 14 19 14 21 23 24 36 37 27 27 21 20 24 24 28 34 53 44 47 54 55 77 69 64 59 56 58 61 61 52 38 27 28 33 34 33 34 35 37 41 46
-32768 -32768 -32768 -32768 -32768 -32768 -32768 -32768 -32768 -32768 -32768 -32768 -32768 -32768 -32768 -32768 -32768 -32768 -32768 -32768 -32768 81 66 79 67 73 85 95 90 66 48 41 39 38 39 45 55 86 116 82 77 65 43 20 19 20 19 17 16 16 11 12 13 19 35 29 26 32 29 26 27 21 24 27 35 32 48 51 44 42 58 75 72 67 62 59 59 59 60 55 40 32 29 32 33 33 32 34 38 42 41
-32768 -32768 -32768 -32768 -32768 -32768 -32768 -32768 -32768 -32768 -32768 -32768 -32768 -32768 -32768 -32768 -32768 -32768 -32768 -32768 -32768 -32768 19 52 89 102 103 99 99 88 62 46 39 36 36 41 52 78 89 78 64 67 35 22 19 16 18 16 21 17 17 19 15 16 27 31 41 29 40 41 33 21 23 28 35 28 30 52 55 55 66 69 75 74 66 64 64 65 66 60 49 39 33 33 32 32 32 35 38 38 37
-32768 -32768 -32768 -32768 -32768 -32768 -32768 -32768 -32768 -32768 -32768 -32768 -32768 -32768 -32768 -32768 -32768 -32768 -32768 -32768 -32768 -32768 -32768 50 70 119 131 122 109 107 107 63 40 34 32 33 40 57 81 87 75 46 29 25 25 19 22 21 19 20 22 23 19 17 32 38 45 35 36 42 32 22 19 30 34 38 26 40 51 64 68 67 71 76 70 70 74 79 84 87 71 51 39 35 35 33 34 38 41 38 36
-32768 -32768 -32768 -32768 -32768 -32768 -32768 -32768 -32768 -32768 -32768 -32768 -32768 -32768 -32768 -32768 -32768 -32768 -32768 -32768 -32768 -32768 -32768 -32768 100 120 131 122 125 116 105 107 66 40 33 34 36 45 59 60 61 33 22 24 20 18 22 18 20 18 17 16 20 16 22 39 47 46 49 42 28 31 19 29 26 31 30 43 50 63 68 74 68 72 66 72 88 88 87 88 78 61 49 42 36 34 35 38 37 35 35
-32768 -32768 -32768 -32768 -32768 -32768 -32768 -32768 -32768 -32768 -32768 -32768 -32768 -32768 -32768 -32768 -32768 -32768 -32768 -32768 -32768 -32768 -32768 -32768 -32768 118 100 109 111 122 118 116 105 60 44 44 44 54 72 71 46 28 22 19 18 16 15 18 19 13 17 16 16 15 21 33 35 51 44 37 27 24 17 27 26 28 56 42 44 59 67 75 80 68 73 72 85 90 86 85 81 72 59 50 43 38 37 37 36 35 36
-32768 -32768 -32768 -32768 -32768 -32768 -32768 -32768 -32768 -32768 -32768 -32768 -32768 -32768 -32768 -32768 -32768 -32768 -32768 -32768 -32768 -32768 -32768 -32768 -32768 -32768 92 92 108 126 142 131 122 115 104 94 71 64 69 57 41 29 24 22 21 17 15 16 16 14 14 20 19 23 23 27 42 35 31 30 27 21 16 23 28 28 52 42 42 60 74 80 88 75 68 68 65 68 70 74 87 86 74 60 52 45 42 40 38 37 37
-32768 -32768 -32768 -32768 -32768 -32768 -32768 -32768 -32768 -32768 -32768 -32768 -32768 -32768 -32768 -32768 -32768 -32768 -32768 -32768 -32768 -32768 -32768 -32768 -32768 -32768 83 94 105 124 146 151 142 127 121 127 95 73 71 66 49 33 31 31 30 20 20 26 31 35 24 18 20 21 26 36 36 30 24 32 26 25 19 19 23 27 42 45 38 57 60 76 83 80 77 75 86 73 55 62 83 92 83 73 66 58 53 51 46 42 41
-32768 -32768 -32768 -32768 -32768 -32768 -32768 -32768 -32768 -32768 -32768 -32768 -32768 -32768 -32768 -32768 -32768 -32768 -32768 -32768 -32768 -32768 -32768 -32768 -32768 -32768 94 100 109 118 134 153 152 136 126 108 99 93 87 77 61 44 46 48 44 30 30 45 40 43 35 25 24 19 16 18 19 20 31 32 24 23 25 19 29 30 33 41 37 45 54 60 64 79 93 91 86 86 61 62 84 92 92 87 81 74 67 60 56 50 48
