kuenm_practice/Projection_variables/cc_rcp85/bio_5.asc
NCOLS 360 
NROWS 210 
XLLCORNER -125 
YLLCORNER 20 
CELLSIZE 0.166666666666667 
NODATA_value -32768 
[rows 39 to 77 of 210, columns 88 to 175 of 360]
344 346 345 333 326 327 329 332 337 341 344 343 341 338 338 340 341 338 340 340 340 335 331 332 330 330 330 332 334 339 343 341 341 341 340 337 336 334 331 332 333 328 325 323 322 322 319 319 318 317 317 321 323 321 322 325 327 328 327 326 326 326 324 321 319 318 318 317 316 315 314 312 309 309 315 322 321 318 317 316 316 316 314 313 312 311 311 309
349 351 336 312 307 307 314 317 330 337 341 342 341 341 341 337 341 337 339 339 341 343 339 339 337 338 337 340 342 344 345 347 346 345 341 338 337 334 334 334 335 331 328 331 328 327 322 322 321 321 320 319 321 323 324 327 330 331 331 330 330 330 329 326 323 320 320 319 318 317 317 316 313 312 316 321 321 319 317 317 317 317 317 315 314 315 314 311
352 351 333 315 310 310 322 328 334 334 330 337 342 343 345 344 345 342 342 344 345 345 346 349 348 349 349 350 351 352 352 350 348 346 345 344 343 341 340 342 340 337 339 338 334 334 330 324 325 324 323 322 320 321 324 328 332 334 335 334 334 333 332 329 327 324 323 321 319 319 319 318 317 314 314 318 319 317 316 317 317 318 318 318 317 316 315 313
348 349 345 339 336 330 333 338 337 327 315 329 342 345 347 349 346 344 341 345 347 347 348 349 345 347 350 350 350 350 351 348 345 344 343 340 341 344 345 342 342 340 342 339 335 334 335 333 330 326 325 324 323 322 322 325 330 337 339 338 336 334 333 333 332 329 325 322 319 320 321 322 322 319 315 317 317 316 317 317 318 319 319 320 319 318 316 313
342 345 346 347 347 341 340 344 348 345 344 343 346 348 349 352 346 346 345 348 350 352 351 349 351 347 349 348 348 349 351 348 346 342 341 339 342 346 342 342 341 344 344 343 338 335 334 333 333 330 328 326 326 326 327 329 330 332 336 338 337 335 335 334 333 330 326 323 322 321 322 324 327 323 318 318 320 319 319 320 321 321 321 321 320 318 315 312
339 340 342 338 341 336 338 343 350 352 352 352 352 353 355 354 349 348 347 350 352 349 350 351 353 350 347 347 349 351 349 346 342 342 341 343 346 344 342 341 345 345 343 342 337 335 333 334 333 333 332 332 331 330 331 332 333 334 335 336 334 331 332 333 333 330 327 324 324 323 322 324 327 326 319 321 324 323 323 323 323 323 323 322 319 317 315 311
329 335 332 334 334 329 331 338 343 347 350 350 351 354 358 353 349 344 347 348 349 351 352 353 351 350 347 348 350 348 344 342 344 344 345 347 345 342 339 341 345 342 337 336 330 332 330 331 332 332 333 334 332 333 331 332 333 334 335 334 330 327 327 329 330 329 327 326 328 327 326 327 328 328 323 325 327 327 327 326 326 325 324 322 320 318 315 311
324 325 327 330 323 317 312 319 338 345 347 349 350 354 357 353 349 347 350 352 352 352 350 351 352 349 346 346 344 338 341 347 349 350 350 347 343 340 339 342 345 340 333 333 332 331 331 330 332 334 338 338 336 334 334 334 334 330 332 331 329 327 327 330 330 329 326 329 332 331 328 328 328 327 326 329 331 329 329 329 328 327 326 323 321 318 315 310
314 318 319 324 321 317 309 326 336 342 345 348 349 352 358 354 351 347 348 350 347 349 351 351 352 348 344 339 337 338 344 346 352 356 351 344 341 340 338 340 346 341 333 331 330 329 332 332 334 336 336 335 334 332 331 330 332 326 327 328 329 330 332 335 335 332 330 330 333 331 328 327 327 326 325 330 331 330 331 330 330 329 328 325 322 319 314 309
300 310 315 319 307 301 303 310 321 330 342 345 347 352 359 356 352 349 349 347 348 350 350 350 349 348 343 342 346 348 348 352 355 354 349 345 339 337 336 340 347 344 335 333 330 329 329 328 330 332 335 336 337 337 333 331 333 330 331 331 330 331 334 336 336 336 334 332 333 331 329 328 326 325 325 329 330 332 332 332 330 328 329 326 323 319 313 310
275 282 302 312 290 274 277 304 322 332 338 342 345 352 356 357 353 355 357 354 353 353 349 348 349 347 346 349 352 355 352 352 351 351 349 343 336 335 337 342 346 340 335 332 329 329 329 330 332 333 336 337 340 338 336 336 334 336 334 333 332 333 336 335 334 335 336 336 335 333 331 330 328 327 327 329 332 333 334 333 331 330 330 328 323 319 315 312
295 301 309 315 315 312 315 324 334 340 344 347 349 352 354 353 353 355 358 360 357 356 353 351 352 353 353 357 357 354 352 349 351 349 346 343 336 334 338 341 342 340 334 332 330 328 329 331 334 336 338 339 339 339 339 337 338 335 339 335 334 333 333 331 333 335 336 336 335 335 334 333 331 330 330 331 332 334 335 334 334 332 332 331 327 323 319 317
308 313 318 324 325 327 330 335 341 347 350 347 346 347 348 352 354 358 360 359 359 357 358 355 355 358 359 358 349 352 354 346 346 350 347 343 339 339 342 337 337 335 332 332 332 332 334 336 338 338 339 339 336 337 342 344 345 345 344 339 336 334 332 331 331 333 334 334 334 336 336 337 336 334 332 332 333 336 337 336 335 334 332 332 329 325 322 320
276 297 309 319 328 329 334 339 345 344 340 337 339 344 350 355 357 361 359 359 359 359 358 358 358 356 357 359 355 353 357 349 345 348 343 339 339 341 343 338 335 334 335 335 334 334 335 338 340 341 342 342 342 342 344 348 348 347 347 347 345 340 336 332 331 332 333 333 333 337 338 338 338 337 335 334 335 338 339 338 337 335 333 332 330 327 324 322
254 295 310 312 320 327 331 335 339 341 343 347 347 352 356 359 360 358 349 353 349 354 353 357 352 354 358 356 355 354 354 354 346 345 342 339 340 342 344 340 338 339 339 340 337 335 336 341 343 345 347 346 345 348 348 345 344 347 350 347 345 344 337 333 331 333 334 335 334 340 341 340 339 339 338 338 338 339 340 339 338 338 336 334 332 329 326 324
280 310 327 324 315 326 338 340 339 341 346 351 350 352 354 351 362 353 352 350 346 349 352 357 356 357 355 351 351 351 348 351 349 339 336 335 340 345 345 342 342 344 344 343 343 341 341 343 346 346 346 348 348 347 347 347 346 345 348 350 350 347 340 337 335 334 336 336 338 343 342 341 340 341 341 342 340 337 341 340 340 340 340 338 335 330 327 324
322 323 328 333 334 337 333 338 342 349 351 348 345 347 356 360 364 353 350 346 341 351 354 355 356 350 346 351 347 350 348 351 348 340 337 340 340 344 347 345 345 347 347 347 346 344 345 348 351 353 353 352 353 353 352 351 348 348 348 348 348 348 343 340 337 338 338 340 345 344 342 341 340 342 344 345 338 334 336 343 343 343 342 341 336 331 327 325
293 294 295 315 328 336 340 342 348 348 337 344 343 352 357 362 358 355 347 345 348 349 343 350 358 350 342 347 347 348 350 348 347 341 341 343 338 344 350 348 349 351 347 347 348 347 349 351 350 351 353 354 353 351 350 350 349 349 350 349 348 348 344 341 341 341 342 346 348 345 342 340 341 342 344 342 338 337 333 337 343 343 341 339 335 330 326 327
249 236 280 300 319 326 328 334 347 337 333 331 338 348 357 361 351 352 344 336 337 340 348 355 352 354 343 343 347 349 349 346 345 342 343 341 344 349 344 345 347 348 344 344 348 350 351 351 351 352 352 353 351 350 349 348 348 349 350 350 349 346 343 343 342 344 346 349 348 346 343 340 341 343 342 339 339 338 335 331 340 341 341 338 335 332 329 330
238 222 233 221 274 293 312 332 346 328 299 288 323 328 334 348 345 346 341 326 336 348 353 351 349 351 343 349 349 347 349 346 342 341 343 346 349 349 349 351 349 349 349 350 351 351 353 354 355 357 357 356 355 354 353 353 354 352 352 351 353 348 348 348 347 347 348 349 349 347 345 343 343 343 339 338 339 338 335 329 333 340 340 341 340 335 331 332
238 246 227 216 201 233 285 334 335 333 316 299 326 313 268 310 333 340 335 329 343 349 347 352 350 347 348 349 345 349 349 341 341 345 348 350 349 350 351 350 351 350 351 351 353 352 352 354 356 358 357 354 352 352 352 352 350 349 353 356 356 352 349 349 349 350 349 349 350 349 348 346 346 344 339 335 336 336 334 332 330 335 341 343 343 339 333 332
266 249 230 254 245 226 312 335 330 330 345 348 351 314 251 257 283 307 339 340 347 342 342 345 346 350 350 345 343 348 347 341 345 348 346 349 352 354 356 353 349 348 349 350 352 354 353 354 358 360 359 357 354 353 355 357 358 359 358 359 358 357 355 354 353 351 348 350 351 351 351 351 348 345 340 333 334 335 335 334 331 333 338 344 346 342 337 334
240 251 232 240 260 271 306 316 328 336 345 347 348 345 288 238 238 249 298 336 341 340 335 339 347 349 345 343 343 347 346 342 344 340 343 340 348 354 356 356 354 351 350 350 351 351 353 357 360 362 363 364 361 363 364 363 363 362 362 360 362 362 360 359 357 356 354 354 354 354 353 352 350 346 342 336 336 337 337 337 335 333 335 340 345 343 339 336
247 236 236 231 229 254 279 308 321 327 339 342 349 353 344 316 255 226 244 281 315 333 336 340 341 348 343 339 343 344 346 340 342 342 335 321 338 348 352 350 351 352 353 353 355 351 350 355 360 363 366 368 368 367 364 362 362 361 364 363 364 365 366 363 359 356 356 355 355 355 354 352 351 348 345 341 339 339 339 339 337 333 333 335 339 341 340 338
251 234 249 257 259 283 298 304 317 326 334 345 351 357 351 338 295 239 208 222 286 331 337 339 342 345 339 338 340 340 343 341 343 344 330 318 329 317 317 323 333 346 351 354 356 358 360 363 365 366 365 364 366 365 363 365 363 362 364 365 365 367 368 364 358 354 352 351 352 353 354 353 351 350 348 346 344 342 339 337 336 334 333 333 335 336 337 338
246 239 224 222 252 255 236 285 307 320 330 341 348 355 357 351 340 293 235 218 267 320 336 340 341 345 337 335 335 338 340 344 344 345 339 328 316 301 297 303 313 331 345 347 352 356 359 364 360 361 361 364 366 367 368 369 368 368 367 366 368 370 372 367 364 360 356 352 350 351 356 355 353 351 350 349 346 343 339 337 336 335 334 333 333 334 334 335
240 241 226 219 232 228 257 289 299 315 327 341 350 354 358 352 349 335 282 250 271 325 337 339 344 344 339 333 336 341 342 345 342 343 346 336 319 303 292 308 315 324 341 346 349 353 357 364 360 362 364 368 372 373 373 373 370 368 365 365 367 370 370 371 369 366 359 354 354 352 354 357 355 353 351 350 348 343 339 338 338 336 336 336 335 334 335 334
260 236 217 229 211 205 216 262 283 305 327 337 348 356 358 355 349 346 319 272 285 326 335 341 346 344 338 335 338 341 340 342 343 345 350 350 336 320 301 299 318 331 342 349 354 358 362 362 362 367 368 369 371 371 372 372 369 365 364 366 369 371 370 369 366 365 362 359 357 356 358 359 358 355 353 351 349 346 342 340 340 339 339 338 337 337 335 335
245 231 236 232 245 230 214 236 281 309 327 342 354 355 356 355 348 346 323 285 313 333 341 345 349 344 334 335 337 341 344 349 351 353 354 356 355 341 323 315 322 336 349 354 359 363 361 364 369 372 374 373 372 373 374 372 372 371 371 371 372 373 372 372 370 368 363 360 359 362 361 361 359 357 354 351 351 349 346 342 342 341 341 341 341 341 337 335
254 246 248 265 279 281 250 268 288 284 297 332 342 338 337 336 332 323 295 285 323 337 342 345 342 339 335 335 340 344 346 349 357 358 358 357 359 355 346 336 335 347 356 361 362 361 364 367 368 367 368 369 367 368 370 372 373 371 367 368 371 373 373 372 370 367 363 359 360 362 361 360 359 358 355 353 354 353 349 345 343 343 344 344 345 343 339 335
233 245 243 212 243 293 305 305 309 318 327 335 337 331 318 335 324 295 274 300 320 334 338 342 345 329 335 339 344 347 351 355 357 356 360 361 363 361 358 350 348 357 364 364 363 365 365 363 361 360 363 365 361 364 365 367 368 366 363 365 368 370 373 371 370 367 365 363 362 363 363 363 361 360 359 357 355 353 350 349 346 344 344 344 345 344 341 337
254 252 236 208 202 237 295 316 322 327 337 346 356 355 349 344 338 325 315 322 332 337 337 338 338 331 329 337 342 346 349 350 355 357 359 361 359 356 360 359 361 363 365 365 366 365 360 359 356 355 355 358 360 359 356 360 362 359 360 361 362 364 367 366 367 364 361 362 364 363 363 366 366 360 360 357 354 350 350 351 349 346 346 347 346 345 342 340
272 273 259 228 201 223 244 300 324 334 343 349 354 351 347 340 334 327 325 330 334 334 337 335 334 329 329 332 335 340 345 350 352 351 351 353 351 354 356 358 359 359 363 363 364 362 358 356 354 355 356 357 359 358 358 360 357 356 357 359 362 365 366 365 364 363 361 360 361 364 365 366 369 362 361 359 356 354 350 351 350 347 348 350 347 345 344 344
276 284 286 274 243 217 219 254 313 337 346 350 348 343 340 335 325 315 324 328 328 334 338 342 342 341 341 342 341 336 336 341 341 342 338 340 342 348 355 358 357 359 361 362 362 358 354 350 349 353 355 357 358 357 356 357 358 358 359 360 361 362 362 363 365 365 363 363 363 363 363 368 368 365 364 362 357 356 356 354 353 350 351 350 348 347 345 345
281 292 291 296 288 250 226 226 262 317 339 340 339 317 318 321 312 302 306 316 322 332 341 324 313 332 323 326 334 338 337 339 338 334 327 331 332 333 339 345 346 358 359 356 352 351 351 350 351 353 354 355 357 357 358 359 359 359 359 358 360 363 363 363 364 365 363 362 362 363 365 365 367 367 364 358 356 354 354 354 355 354 352 349 349 347 346 344
294 302 301 299 297 294 269 251 245 280 311 322 320 319 319 322 319 316 322 329 329 333 340 326 297 290 286 300 319 333 334 342 344 334 325 334 335 337 340 341 344 347 344 345 347 350 352 351 350 350 351 352 354 354 356 357 357 358 357 357 359 360 361 363 362 362 361 359 358 359 360 360 362 365 363 359 354 352 351 350 351 353 354 350 349 348 347 346
294 305 301 302 304 304 300 294 290 295 300 306 314 313 313 310 318 327 327 328 332 320 312 312 300 295 276 277 291 311 324 337 343 338 340 343 341 339 343 344 344 345 346 348 350 351 350 348 346 347 348 350 352 353 355 356 357 356 356 356 357 359 360 360 360 360 359 358 358 358 359 358 360 361 362 361 358 352 351 351 350 351 353 352 351 349 348 346
305 305 305 309 313 312 310 306 300 302 308 312 313 315 312 302 305 314 300 318 326 315 297 304 307 305 298 286 280 293 322 339 344 350 353 348 346 344 340 338 340 342 344 347 349 350 349 348 345 346 348 349 350 352 354 356 357 356 357 357 359 360 361 360 359 358 358 358 358 358 358 358 357 356 357 359 358 354 352 352 352 352 353 354 355 353 349 347
311 315 317 315 315 316 311 302 300 310 317 320 322 323 320 317 315 323 321 313 322 317 302 309 308 311 305 298 293 294 326 343 345 342 348 352 350 348 345 342 340 343 346 349 351 350 349 347 345 346 347 350 351 353 355 359 359 358 357 358 360 361 361 361 361 360 358 358 358 357 357 356 355 354 354 355 355 355 353 354 354 354 355 355 357 356 352 348
