kuenm_practice/Projection_variables/cc_rcp85/bio_12.asc
NCOLS 360 
NROWS 210 
XLLCORNER -125 
YLLCORNER 20 
CELLSIZE 0.166666666666667 
NODATA_value -32768 
[rows 0 to 37 of 210, columns 170 to 254 of 360]
492 494 494 498 500 501 503 505 507 511 514 516 519 522 525 527 529 532 535 538 541 543 546 547 547 550 551 551 550 551 550 551 552 554 555 556 555 554 554 554 554 553 551 551 550 550 551 553 552 552 554 553 553 555 556 557 556 555 555 555 555 552 548 544 543 542 540 539 538 537 534 532 530 528 526 524 523 520 516 514 510 507 504 501 497
491 492 493 495 496 498 503 506 510 511 516 521 524 525 528 531 532 537 541 544 546 549 550 553 556 559 559 559 560 564 565 564 564 563 565 565 564 563 563 563 563 563 563 564 563 562 563 565 565 565 565 563 562 561 562 562 561 561 561 560 559 557 555 553 552 551 548 547 550 551 552 549 545 542 540 536 532 529 525 521 518 512 508 506 502
489 490 493 494 496 503 506 508 510 515 518 524 527 529 533 536 540 545 547 548 551 555 558 560 560 565 565 567 568 570 574 575 575 575 574 573 573 572 571 571 568 566 568 568 568 568 570 572 573 574 571 571 571 570 569 567 566 568 569 567 568 566 565 565 564 562 560 560 564 566 567 563 561 559 554 547 543 537 535 530 524 521 517 512 508
487 489 490 495 500 503 508 512 515 518 523 526 530 536 539 544 547 548 551 554 559 562 563 564 566 569 577 578 579 578 580 582 584 585 585 585 584 583 582 580 578 576 575 575 574 576 576 577 578 579 581 583 584 581 575 576 572 573 575 577 577 577 575 573 573 573 569 572 574 572 574 570 571 568 565 562 555 548 543 539 533 527 522 518 514
481 486 491 494 499 502 508 512 517 522 527 533 538 543 547 550 552 554 557 563 567 568 571 573 573 578 584 585 585 586 585 589 590 592 592 592 592 592 589 587 586 585 583 582 582 582 582 582 583 583 582 584 586 587 582 580 580 580 582 584 585 588 587 585 583 581 580 581 582 581 581 581 581 578 575 572 563 557 551 547 540 532 528 523 519
481 485 489 497 500 504 509 515 520 528 535 539 543 547 552 556 557 560 562 566 569 573 574 579 582 583 587 589 592 592 594 595 598 599 598 597 598 597 594 594 593 592 592 591 591 591 590 589 588 588 588 589 590 590 588 587 588 587 589 590 590 593 594 593 589 586 588 589 587 586 585 584 586 582 584 587 575 567 562 556 551 543 535 530 527
479 484 489 493 501 506 512 518 524 529 534 540 546 550 555 559 562 565 570 573 575 579 580 582 584 588 596 596 598 599 601 602 604 604 604 604 604 603 603 603 601 601 601 601 602 601 598 598 597 597 597 594 594 594 595 595 595 593 594 597 599 600 601 600 597 595 595 593 592 590 590 589 588 586 583 582 578 575 569 563 557 552 543 539 535
476 481 488 494 501 506 512 519 526 530 537 542 546 550 552 556 564 569 574 576 580 583 587 589 592 595 596 597 600 602 605 607 607 608 609 608 608 607 606 604 603 604 606 608 609 609 609 609 608 607 607 606 606 604 604 603 602 603 604 605 606 605 605 605 604 603 601 599 599 598 595 595 593 593 591 586 582 578 574 570 565 558 554 549 544
472 478 486 493 500 507 513 520 526 532 539 545 550 551 556 561 570 573 575 579 583 587 592 596 597 599 601 605 606 608 610 611 612 613 616 618 617 616 615 616 615 616 616 619 620 617 616 614 611 611 611 612 613 614 614 614 615 614 613 614 613 612 612 614 612 610 608 608 607 606 603 601 599 597 592 589 586 584 579 573 571 567 561 556 550
468 477 484 492 499 508 515 523 530 534 541 548 554 558 559 566 573 577 580 582 589 594 598 601 605 606 608 612 612 612 614 615 616 617 620 623 626 624 627 628 628 625 625 624 621 622 626 624 624 625 623 621 623 624 623 624 622 623 622 621 621 620 620 620 620 619 618 618 617 615 611 609 607 605 604 602 597 592 587 584 578 574 570 563 557
465 472 484 492 500 510 518 524 532 539 544 551 556 560 564 570 573 577 580 586 592 596 599 602 606 609 610 612 614 620 622 622 623 625 629 633 635 636 636 634 632 633 637 635 634 634 636 635 636 633 633 634 634 634 633 633 631 628 628 630 630 630 629 629 626 625 622 622 623 622 620 620 618 616 614 612 607 600 595 591 588 582 577 570 565
461 469 481 491 500 510 516 524 533 538 544 551 556 560 564 571 574 581 584 588 592 595 598 601 606 609 612 618 620 624 629 631 633 635 638 642 646 647 646 639 639 641 644 640 640 640 640 638 639 638 637 640 641 641 639 638 638 636 637 637 637 638 636 636 634 632 632 632 631 628 627 626 623 621 619 618 614 608 602 598 593 588 583 576 570
456 468 480 491 501 511 519 528 535 542 547 553 558 564 569 572 576 585 588 591 597 599 604 608 612 618 622 623 627 629 632 635 639 644 645 649 653 655 654 650 646 647 648 646 645 644 645 644 641 642 642 643 642 642 642 641 644 644 645 645 645 645 643 644 644 644 642 640 640 638 638 636 633 629 627 625 620 615 609 605 599 594 589 583 577
451 465 479 491 502 513 523 530 537 545 551 557 562 566 572 577 583 588 594 596 602 609 613 615 618 625 630 631 636 640 645 645 650 653 652 656 659 660 660 657 658 660 660 659 657 655 651 649 648 650 651 652 654 653 652 651 650 652 652 652 652 652 652 652 652 654 655 654 652 650 650 651 647 641 637 633 629 624 619 613 608 603 598 592 585
452 469 482 495 505 515 524 531 540 545 552 560 566 570 575 580 585 590 596 600 605 611 616 622 625 630 635 640 644 650 653 658 662 666 667 671 673 671 670 670 674 675 674 674 673 671 667 663 665 663 662 661 659 660 662 661 660 660 660 660 659 659 661 663 663 664 666 666 666 659 658 659 658 653 650 645 639 632 626 623 619 613 607 601 595
457 474 490 502 511 519 529 535 541 547 555 564 570 575 579 584 590 595 600 606 610 614 621 629 634 638 644 649 655 660 664 669 674 678 681 683 684 685 684 684 684 683 681 678 677 677 673 669 669 670 671 668 666 667 668 669 671 671 670 668 667 667 669 671 671 672 673 674 675 675 672 669 669 664 661 655 648 642 637 632 629 623 617 611 606
468 483 497 509 518 526 534 539 546 551 558 565 570 575 580 587 594 598 605 612 617 622 630 635 641 650 655 660 667 672 676 679 680 682 686 689 693 694 693 693 692 690 687 684 680 679 677 671 672 670 671 671 668 672 674 676 676 676 677 676 674 674 676 681 681 682 683 683 683 686 684 680 678 673 670 664 657 653 649 644 639 634 629 624 620
484 497 508 518 524 530 537 544 549 555 558 564 569 576 580 586 593 599 610 616 621 628 635 641 650 657 663 669 675 679 682 684 687 690 696 702 703 706 706 708 703 700 698 695 693 692 688 683 680 682 683 681 681 683 681 681 681 683 684 684 684 682 684 686 689 692 693 692 693 691 689 687 684 679 675 670 666 663 658 656 649 643 639 635 631
506 512 520 527 531 537 542 547 551 554 562 568 575 580 584 586 593 600 611 617 622 631 638 646 653 662 671 677 679 687 691 694 698 700 703 707 713 719 718 715 713 711 708 704 700 697 696 697 696 698 693 694 694 691 692 693 693 695 695 695 696 694 692 694 695 697 700 700 699 698 694 692 690 687 682 677 675 671 667 663 660 655 651 645 641
529 528 530 534 538 542 546 551 554 561 567 573 579 586 589 592 596 602 612 620 625 631 640 649 659 670 677 679 682 688 694 699 703 706 712 715 718 721 722 724 719 715 715 715 711 707 709 712 706 706 706 701 704 706 707 707 705 705 704 701 700 700 700 701 703 704 706 707 707 706 707 707 702 696 691 687 684 679 676 673 670 665 663 660 655
543 538 536 539 541 546 550 554 560 566 571 576 581 589 595 599 604 612 620 628 635 642 648 657 665 676 680 683 687 695 699 702 708 712 715 719 725 729 732 729 726 727 727 721 719 716 716 711 708 708 708 706 706 709 713 715 717 716 714 711 709 711 711 709 711 713 714 714 715 714 717 716 711 706 702 699 694 690 689 685 681 679 676 672 669
544 541 539 542 544 549 551 556 562 568 572 577 584 592 600 603 610 615 623 633 641 650 656 663 668 674 681 689 691 699 704 711 713 717 723 727 732 736 739 741 739 738 735 728 722 722 723 722 718 715 714 714 714 715 720 722 720 721 723 722 722 720 719 720 723 724 725 724 723 722 726 725 720 715 711 708 704 700 698 696 696 695 694 692 689
541 540 537 539 544 549 553 558 562 567 573 577 584 593 600 606 607 613 627 634 641 650 659 665 675 681 687 692 698 702 707 714 718 726 728 731 736 740 743 742 741 737 730 732 726 724 728 727 720 722 723 721 725 726 726 728 731 731 732 734 733 733 732 732 735 736 740 741 739 734 731 731 727 721 718 715 713 713 712 710 709 710 711 707 707
534 532 531 533 536 545 553 557 562 567 573 582 589 595 600 605 608 613 624 638 646 655 664 671 678 685 693 699 706 709 710 714 722 726 730 735 739 742 745 744 743 740 736 737 734 731 730 733 730 734 735 734 734 738 743 744 745 745 745 746 747 747 747 748 747 746 748 751 751 747 742 737 731 729 726 725 727 727 725 726 727 727 726 724 723
528 524 524 526 532 540 546 553 559 569 575 582 591 601 607 610 617 621 628 639 649 655 665 674 682 690 697 704 708 714 718 723 730 735 739 744 746 747 747 747 746 742 740 736 738 736 733 735 739 741 744 747 744 751 757 757 757 761 763 762 763 763 763 764 761 759 759 760 760 755 749 745 740 738 737 737 737 738 739 742 744 747 747 743 740
521 517 516 516 522 532 540 549 555 565 575 585 593 601 608 612 620 627 632 640 651 661 670 679 688 698 703 706 711 716 722 730 736 741 744 748 750 752 753 751 749 743 740 735 735 732 737 740 740 744 749 755 757 760 766 766 765 767 773 774 775 779 776 775 774 776 775 773 773 770 766 761 753 747 747 747 748 750 754 759 763 766 767 764 758
518 511 506 503 508 520 533 544 555 563 574 585 594 599 609 618 622 627 635 646 655 662 669 676 688 695 699 704 710 719 730 740 744 748 752 755 758 755 757 753 750 743 740 736 735 738 740 744 743 752 756 762 766 769 774 774 781 787 787 787 790 793 792 789 789 791 792 791 790 787 782 775 763 756 755 757 761 763 766 772 778 783 782 776 767
511 508 502 496 501 513 527 538 549 562 571 580 590 598 606 618 624 631 642 652 656 664 668 675 684 693 700 705 714 724 735 744 750 754 758 763 761 759 758 754 751 749 742 738 738 735 737 741 742 751 762 773 777 780 787 789 792 794 798 802 805 806 806 804 804 803 804 808 809 801 791 782 772 763 761 763 770 776 781 786 790 793 790 784 778
509 504 503 501 504 513 525 538 547 556 567 579 590 595 607 615 626 636 647 656 662 667 675 679 687 694 701 711 718 727 738 745 753 760 765 768 765 761 760 760 757 756 748 744 739 737 733 731 736 747 760 776 784 789 796 798 803 809 810 812 814 816 819 819 817 816 818 822 820 811 798 786 778 771 766 771 778 786 795 799 798 796 795 797 794
508 505 507 506 509 516 525 538 548 558 567 579 590 604 612 622 636 642 647 656 668 673 681 688 695 705 708 715 723 738 749 757 758 764 767 765 765 765 763 763 766 763 758 748 734 734 733 729 740 750 760 779 791 796 802 810 816 817 820 823 821 824 825 824 825 826 828 832 832 815 800 789 780 772 773 779 785 794 804 810 811 812 816 815 813
509 508 509 510 512 521 531 542 552 562 571 582 588 602 618 632 645 655 659 659 665 673 677 686 697 707 718 728 740 751 761 766 767 769 772 773 771 769 765 768 765 764 756 742 735 734 737 737 748 756 765 779 797 806 814 820 824 830 832 830 831 830 830 828 830 833 836 839 837 825 810 798 787 780 785 792 801 809 816 822 826 832 836 836 835
509 510 512 514 517 526 536 545 553 565 575 582 591 604 618 632 648 658 662 665 668 673 681 686 700 713 730 743 757 770 775 771 772 775 777 778 776 771 768 768 765 762 757 747 742 733 737 743 755 764 775 794 814 818 822 828 835 837 833 834 833 836 836 829 829 829 828 827 824 821 810 801 794 790 798 798 803 812 820 830 838 847 849 846 844
508 511 517 521 524 533 538 545 552 560 570 581 591 603 619 634 646 657 667 672 674 679 685 696 702 715 734 752 769 788 791 777 766 771 780 780 776 771 770 769 765 763 760 759 745 741 744 751 760 772 782 804 826 838 845 843 847 843 840 839 839 839 840 836 833 831 827 829 827 817 804 795 795 787 794 796 804 813 824 834 843 851 848 845 844
508 509 521 523 528 537 544 551 554 561 568 579 594 610 620 631 642 654 664 674 680 687 693 699 714 722 735 756 776 798 797 769 751 757 774 776 773 768 764 764 765 767 770 768 762 749 755 763 773 779 793 823 848 857 857 853 850 853 848 856 847 845 838 832 825 823 824 822 815 802 790 785 786 786 792 797 806 814 819 827 837 842 840 842 842
502 503 513 525 536 542 549 553 554 561 568 579 594 611 624 636 647 656 664 670 680 690 696 709 718 723 731 743 758 771 771 749 733 741 754 763 765 764 762 761 764 770 777 778 772 770 754 762 786 793 806 832 853 860 864 860 857 852 856 849 847 845 837 825 825 824 825 823 817 805 792 778 780 783 788 797 806 810 813 817 827 832 832 834 834
495 496 504 519 531 544 552 548 547 554 566 580 597 614 630 643 651 661 666 672 680 690 699 705 715 716 723 732 734 736 734 728 725 729 735 745 750 754 754 756 758 764 770 774 782 778 771 768 777 795 787 800 848 855 862 863 864 852 846 843 840 838 834 826 831 825 826 823 818 804 791 780 776 784 789 795 803 809 814 812 816 817 819 818 822
488 491 499 511 523 533 545 542 542 552 564 578 599 624 641 651 658 661 664 668 673 684 693 705 715 712 713 714 712 705 700 699 706 715 726 732 736 741 745 749 756 762 766 778 783 789 787 771 766 772 773 777 799 808 833 849 856 837 839 837 841 843 838 844 833 836 831 826 823 814 803 796 789 784 789 798 806 808 809 803 806 806 804 806 810
490 491 499 512 526 535 542 547 551 561 569 578 600 636 647 654 660 664 663 662 664 676 688 702 711 708 704 701 691 675 672 684 696 708 721 727 732 736 743 751 756 763 762 772 786 791 802 794 753 750 779 786 792 793 792 800 808 799 805 812 832 840 844 845 841 842 838 841 843 841 832 812 800 793 796 805 810 805 802 801 807 802 795 796 796
