kuenm_practice/Projection_variables/cc_rcp85/bio_15.asc
NCOLS 360 
NROWS 210 
XLLCORNER -125 
YLLCORNER 20 
CELLSIZE 0.166666666666667 
NODATA_value -32768 
[rows 123 to 163 of 210, columns 91 to 181 of 360]
61 59 55 57 57 55 53 56 59 60 61 63 60 54 49 47 49 40 40 48 59 71 69 68 65 65 68 66 66 65 65 66 66 65 64 64 67 68 67 65 63 63 65 67 71 75 79 82 85 87 89 90 85 81 77 82 87 92 97 102 106 111 114 116 118 120 121 127 133 135 134 133 132 132 133 135 135 137 138 137 135 135 136 142 149 154 157 160 163 164 165
78 79 67 65 67 67 63 64 65 65 68 75 69 66 65 58 48 42 45 58 62 69 69 73 81 73 68 65 62 62 63 63 63 63 64 66 66 65 66 65 63 63 64 68 71 75 78 80 82 84 86 87 83 80 77 79 85 90 95 99 104 107 111 113 116 117 119 122 126 129 129 127 128 128 128 128 129 130 132 133 134 134 135 138 143 148 152 155 157 159 161
97 108 91 80 77 80 75 76 79 77 67 68 64 64 68 72 59 44 48 57 53 66 68 69 75 73 66 62 60 60 61 60 61 61 62 64 65 65 66 64 63 64 66 69 72 75 76 77 79 81 83 84 83 80 78 80 84 89 95 98 101 105 107 109 111 113 115 118 120 123 123 123 123 124 125 125 125 128 130 131 134 136 136 137 140 143 145 149 150 152 154
106 124 112 101 98 80 77 72 74 68 66 66 67 82 75 72 67 45 46 47 52 69 68 62 73 76 67 63 60 59 59 60 60 60 62 65 66 65 66 65 65 65 66 69 71 73 74 75 77 78 80 80 81 79 78 82 86 90 94 97 100 103 105 106 107 107 111 114 117 119 119 119 120 122 123 123 124 126 128 130 134 136 137 138 139 139 141 143 144 144 145
100 108 102 102 89 83 70 81 84 72 78 82 76 78 81 52 46 43 44 44 61 69 61 59 82 81 71 65 61 59 59 57 58 60 62 64 66 66 66 66 65 66 66 68 69 70 69 72 74 76 77 76 77 78 81 84 88 92 95 98 100 102 105 106 106 106 110 114 116 118 118 118 120 122 124 124 124 127 129 131 135 138 139 139 139 139 138 137 137 136 136
95 97 106 96 89 78 81 87 89 85 82 83 80 70 87 52 42 43 44 44 59 53 51 65 88 91 95 82 63 58 57 56 56 59 61 63 65 67 66 66 66 66 66 67 67 67 68 69 72 73 75 76 78 79 81 85 89 93 96 98 100 102 105 107 107 109 112 115 118 119 120 120 121 122 125 126 128 131 134 136 139 140 140 139 137 135 132 130 129 130 134
92 91 91 85 85 74 94 103 91 93 82 90 82 73 59 47 45 44 48 53 50 44 52 86 124 94 83 69 65 59 56 54 55 57 59 62 65 65 66 65 65 65 64 65 67 67 68 71 72 75 75 76 78 80 82 85 89 93 96 98 100 101 103 104 106 111 116 118 119 120 121 121 121 122 126 129 132 137 138 140 141 141 139 137 134 131 126 123 125 127 131
87 87 87 77 80 77 93 103 94 81 83 101 86 68 53 44 46 50 70 65 43 43 47 79 111 111 91 74 67 60 55 53 53 55 57 61 64 65 64 64 64 63 63 65 66 67 68 70 72 75 76 76 78 80 82 85 89 93 95 97 98 99 101 101 104 109 114 117 119 119 119 121 123 124 126 128 132 136 139 140 140 138 136 135 132 129 124 122 123 127 130
76 78 75 71 85 81 74 73 84 85 91 107 91 70 53 47 50 51 67 53 41 42 46 70 121 117 93 75 67 59 54 52 52 53 56 59 63 63 63 62 62 62 61 62 64 66 66 68 70 74 75 76 78 81 84 88 91 94 95 96 97 97 98 99 101 106 110 113 115 116 117 119 120 120 122 124 127 131 136 137 137 135 133 133 131 127 123 121 123 126 130
53 61 65 63 69 85 80 66 78 95 94 93 97 69 54 56 54 50 58 58 41 42 46 67 132 115 88 74 63 57 53 51 50 52 54 58 61 61 61 60 60 60 60 60 62 63 64 66 68 72 74 77 79 83 85 89 92 94 94 95 95 96 98 97 99 101 105 109 111 111 112 115 117 115 116 119 121 124 131 132 132 131 130 130 129 125 120 120 124 128 133
59 51 59 65 60 67 66 73 76 78 80 78 83 68 56 51 52 50 52 61 44 43 45 67 127 112 85 70 61 55 51 50 51 53 54 56 58 59 58 58 58 58 58 58 59 62 65 68 69 71 73 75 78 82 85 88 90 91 92 93 94 95 96 96 96 98 102 106 108 108 108 112 114 113 111 116 120 122 125 127 126 125 127 127 125 121 119 122 126 131 135
77 56 57 64 62 60 62 72 82 69 62 64 72 62 57 58 53 50 50 61 50 45 47 51 76 84 73 61 60 53 49 51 52 53 54 56 57 57 57 56 56 57 57 58 60 63 66 69 72 73 73 74 76 79 82 85 87 88 89 92 93 93 94 93 94 97 102 105 105 107 110 112 114 115 116 119 121 123 123 123 123 121 123 124 122 119 119 122 126 130 133
75 62 55 58 69 59 57 65 71 63 57 55 58 55 56 58 55 50 48 62 46 47 49 53 57 54 55 49 52 51 48 52 55 55 55 55 57 57 56 56 56 57 58 59 61 64 67 70 72 74 76 76 78 80 84 87 88 87 88 92 92 92 92 90 93 97 102 106 108 111 113 115 116 118 121 122 122 123 122 122 121 120 121 122 121 119 118 120 123 129 134
72 85 63 57 61 59 59 53 56 56 54 52 52 51 51 51 51 48 44 59 46 47 49 55 56 49 44 43 40 44 45 51 57 57 55 56 57 56 55 55 55 57 58 60 62 65 68 71 71 71 76 77 80 82 85 88 88 87 89 90 91 91 91 92 94 98 103 107 113 116 116 116 118 120 121 121 121 121 122 123 121 120 119 120 120 118 116 118 123 128 132
74 81 92 82 61 62 62 57 55 56 54 52 52 56 50 51 50 46 44 44 45 47 50 58 55 51 43 40 38 39 46 47 54 55 55 56 56 55 53 53 54 56 58 60 62 64 67 69 70 71 76 79 81 83 84 86 86 86 88 89 90 91 92 93 96 100 102 106 112 114 113 114 117 117 117 118 119 120 123 123 121 119 118 118 118 118 117 117 120 125 129
79 82 102 113 73 69 62 58 60 60 60 55 55 51 50 53 50 46 45 45 48 47 51 58 53 48 42 38 38 41 39 45 51 54 55 55 54 53 53 52 53 56 59 61 63 62 65 68 69 71 75 79 82 84 84 84 86 87 89 89 91 93 95 96 97 99 100 102 105 107 107 109 112 114 113 113 113 116 120 120 118 117 116 116 116 116 115 117 118 123 127
83 87 106 110 76 83 71 62 60 60 59 56 55 53 51 50 48 47 46 47 45 47 49 55 53 46 41 39 37 38 37 42 48 52 54 54 53 52 51 50 52 55 58 60 63 63 65 68 69 72 75 78 81 82 83 86 87 87 88 90 92 94 97 97 96 96 96 97 99 100 101 105 107 109 109 107 107 112 115 116 116 115 114 112 111 113 113 114 117 120 125
83 86 97 85 86 84 88 69 66 60 58 59 56 54 52 50 48 47 47 49 47 47 50 51 54 50 44 40 38 40 38 41 47 52 53 54 53 51 50 51 51 54 57 60 62 64 65 68 69 72 75 77 79 80 80 82 85 86 88 89 90 93 94 94 94 93 91 93 97 98 99 101 104 106 106 105 104 109 113 115 114 112 111 109 108 111 111 112 114 117 122
88 83 86 76 83 84 81 69 69 64 58 59 60 55 53 50 48 47 48 49 51 52 51 52 52 53 48 44 43 44 44 44 49 52 53 53 52 51 50 51 52 53 56 59 61 64 65 67 69 71 74 76 77 78 78 79 81 84 86 88 89 90 91 92 91 90 90 92 96 97 99 101 102 104 105 106 106 110 113 114 112 110 110 110 109 110 111 112 114 117 121
97 86 87 74 80 86 92 72 71 67 61 60 64 59 56 53 48 47 47 50 54 59 55 54 50 49 51 48 49 49 47 49 51 52 54 54 54 52 52 53 53 53 55 58 61 64 64 67 69 72 74 76 78 78 77 78 80 83 85 87 88 90 91 92 91 90 90 93 98 100 100 101 102 104 105 107 108 111 112 112 110 109 110 109 108 109 110 113 116 119 122
101 89 81 73 91 101 87 78 73 69 65 62 67 63 58 53 51 47 47 50 53 58 58 62 51 46 51 51 52 53 52 52 54 54 56 56 56 54 54 54 55 55 56 59 61 61 64 67 69 72 74 76 77 77 77 77 79 82 83 85 87 88 89 90 91 92 94 97 101 103 102 102 102 103 105 106 107 109 110 110 109 109 110 111 111 111 112 115 119 122 125
107 95 94 77 95 95 83 79 77 75 73 70 73 65 57 54 51 48 47 48 49 54 60 60 59 50 50 54 60 56 56 56 58 63 66 58 58 57 57 57 57 56 58 62 64 65 65 66 69 71 73 76 77 78 78 77 77 80 81 83 84 86 88 90 92 94 96 99 103 106 105 103 103 103 104 106 106 108 109 110 110 111 112 114 114 115 116 119 123 127 130
116 107 97 89 89 98 92 87 82 80 77 72 75 67 59 54 51 48 49 46 46 52 55 55 58 61 57 57 61 59 59 59 61 69 74 73 66 62 60 60 60 60 61 63 66 67 67 66 67 71 74 76 77 77 77 77 76 78 80 81 83 84 87 90 91 94 96 99 103 107 107 105 103 103 105 106 107 110 111 111 112 112 114 116 118 119 122 124 127 131 134
124 117 95 109 108 98 99 102 90 83 78 74 76 70 60 55 54 50 49 47 50 54 55 53 52 58 60 61 64 60 62 62 62 68 72 69 69 66 62 64 65 65 65 65 65 65 65 66 68 71 74 76 77 78 78 77 75 78 79 80 80 82 85 89 92 97 100 102 103 105 106 105 103 102 103 105 109 111 113 112 112 112 113 117 119 122 125 127 131 134 139
122 120 100 108 116 104 102 103 99 88 79 74 73 67 60 58 54 54 52 51 54 58 55 57 55 58 63 65 67 65 67 68 64 61 57 62 68 67 67 71 72 70 68 66 65 64 64 65 68 71 73 76 77 77 77 76 74 77 80 80 81 83 86 89 94 99 104 106 106 105 104 103 103 102 103 106 108 111 113 113 111 110 111 115 118 121 125 130 137 139 143
119 124 108 109 117 110 108 107 99 90 81 76 72 65 62 59 59 56 57 58 61 63 59 61 63 63 67 70 71 70 71 72 69 63 59 62 71 77 73 71 70 71 68 65 64 62 63 64 68 72 75 76 76 77 77 75 74 78 80 82 84 85 87 89 93 98 104 106 106 105 106 104 100 100 103 107 109 112 113 113 111 109 110 114 115 118 123 133 140 143 145
115 126 112 110 121 122 116 108 99 93 90 84 74 68 65 62 63 60 70 76 69 63 63 63 66 69 72 74 76 74 73 72 73 69 65 67 74 74 69 67 67 67 63 60 59 59 59 62 66 70 73 75 77 77 76 75 75 78 81 83 85 87 89 91 93 98 102 106 105 105 105 104 102 102 105 109 111 112 114 113 111 110 112 115 116 115 125 136 145 146 146
115 123 116 114 121 129 128 117 116 122 99 94 88 72 71 70 71 73 71 80 80 74 69 71 71 73 75 75 75 75 74 71 74 68 66 68 69 70 69 62 64 60 56 53 52 53 56 58 62 66 70 74 77 77 77 77 76 78 81 82 85 88 91 92 94 97 100 102 102 103 105 105 104 105 107 110 111 111 113 114 113 110 111 114 116 117 127 140 151 152 150
121 116 121 116 125 132 143 135 138 144 120 100 92 89 74 82 75 85 83 88 89 83 73 78 80 80 82 79 76 77 77 68 64 63 62 66 66 69 70 63 55 52 52 50 51 51 52 54 58 62 68 75 79 79 77 77 79 78 79 82 83 86 89 90 92 96 99 100 100 100 102 103 104 106 108 109 110 112 114 116 114 111 111 113 116 120 127 141 150 150 147
121 118 124 126 132 139 143 152 162 148 143 123 99 105 83 94 80 101 106 96 88 85 76 82 87 86 90 80 74 82 79 70 57 54 60 72 70 67 69 62 57 52 49 52 50 48 48 51 56 61 69 83 89 81 75 74 78 80 79 81 81 83 85 89 92 93 95 94 93 90 95 99 102 104 105 108 109 112 114 115 114 114 115 118 122 125 133 136 135 141 145
128 126 135 128 137 145 153 163 160 155 146 123 109 111 90 97 91 100 119 117 85 80 76 83 87 86 89 74 67 72 74 66 55 50 60 71 73 67 70 65 60 59 47 52 49 53 45 47 54 64 78 92 99 77 69 74 78 80 78 78 78 79 82 88 91 90 89 87 85 86 89 95 98 100 103 107 106 110 113 113 116 118 121 126 131 134 139 147 148 146 144
137 135 133 129 147 157 172 168 173 163 146 130 116 119 95 100 97 101 116 131 97 80 82 69 77 78 77 69 65 67 71 77 61 62 75 69 66 68 71 82 52 50 71 63 52 57 49 41 50 65 81 91 91 79 73 73 76 76 76 75 78 79 82 88 90 89 90 89 88 88 91 97 103 105 105 106 106 107 112 117 121 124 128 137 142 146 153 160 158 152 143
139 144 131 120 156 176 167 182 177 155 123 117 119 113 104 107 103 108 119 135 108 82 88 67 80 78 78 72 63 68 69 71 74 84 88 77 69 70 64 57 48 46 71 87 68 79 84 53 52 65 81 91 90 85 83 83 79 76 73 75 77 79 81 85 88 89 89 90 89 90 93 99 106 113 114 111 108 111 120 126 127 128 136 145 152 159 167 172 168 -32768 -32768
141 151 151 153 163 180 163 185 175 156 130 114 116 116 109 113 107 112 118 132 124 94 96 82 83 81 75 75 71 68 66 72 83 90 87 78 73 63 56 49 52 48 53 87 90 88 84 65 64 72 83 93 94 91 92 95 85 79 75 74 75 77 80 83 86 87 89 91 90 92 96 99 106 115 117 113 112 118 129 136 137 139 146 154 161 168 176 182 -32768 -32768 -32768
151 154 169 176 186 203 174 187 174 168 130 117 121 121 122 106 99 100 116 131 133 116 98 94 84 80 78 80 80 70 68 70 77 84 81 74 75 66 48 43 42 48 52 69 76 73 82 71 74 82 92 97 95 88 88 88 84 81 78 74 74 76 78 80 82 84 85 88 89 92 96 101 107 112 114 113 118 123 134 142 147 150 155 160 165 171 -32768 -32768 -32768 -32768 -32768
159 153 170 187 194 232 196 184 170 180 168 135 139 127 119 118 113 100 108 123 137 120 99 101 88 77 75 83 79 73 71 78 74 75 73 69 68 72 47 34 36 42 44 72 79 81 72 80 89 95 99 99 88 76 78 83 86 86 82 77 75 75 78 81 82 83 85 87 89 91 96 102 108 114 118 122 126 131 138 145 149 155 158 162 166 -32768 -32768 -32768 -32768 -32768 -32768
155 141 167 175 218 268 217 200 182 201 203 173 148 146 131 138 126 109 114 130 129 127 127 99 85 81 78 77 79 82 83 89 85 80 72 65 61 53 41 32 42 38 42 67 72 81 85 90 104 111 110 104 87 72 77 86 93 93 88 83 78 78 82 87 87 85 86 88 90 92 96 103 110 119 129 137 138 139 142 145 147 153 -32768 -32768 -32768 -32768 -32768 -32768 -32768 -32768 -32768
139 142 158 171 235 249 230 194 195 236 222 197 187 179 147 145 129 121 122 123 127 119 119 94 81 74 69 78 80 78 90 96 89 83 76 64 60 54 48 35 61 37 41 54 72 77 85 94 112 120 113 102 92 86 85 92 99 98 92 88 84 83 85 88 88 89 89 91 94 97 99 107 116 127 140 148 146 144 145 146 148 -32768 -32768 -32768 -32768 -32768 -32768 -32768 -32768 -32768 -32768
118 143 162 175 209 213 192 186 181 213 214 200 197 200 179 158 139 126 125 126 123 117 113 96 78 72 72 86 87 87 87 84 84 78 71 65 62 56 50 40 54 52 49 57 66 74 83 100 123 122 108 93 90 92 92 96 99 98 94 93 90 89 88 88 89 91 93 97 101 104 107 113 123 133 142 146 147 147 147 -32768 -32768 -32768 -32768 -32768 -32768 -32768 -32768 -32768 -32768 -32768 -32768
117 145 164 178 182 192 183 179 173 196 195 184 192 200 186 163 144 131 128 128 124 117 109 97 88 80 80 90 91 90 92 92 89 85 76 69 71 65 54 48 47 47 54 56 67 74 81 90 109 118 104 85 88 90 93 95 95 95 95 96 96 93 89 88 90 93 97 102 107 111 115 119 126 133 139 143 145 147 -32768 -32768 -32768 -32768 -32768 -32768 -32768 -32768 -32768 -32768 -32768 -32768 -32768
119 141 164 192 178 179 175 203 194 189 192 180 165 157 162 154 144 140 127 128 126 116 112 106 96 84 83 86 88 91 89 94 90 86 80 77 74 74 66 58 53 50 62 62 63 73 79 85 94 100 99 87 85 85 87 88 90 90 91 97 104 94 87 87 90 95 100 107 112 115 119 120 125 130 132 136 142 -32768 -32768 -32768 -32768 -32768 -32768 -32768 -32768 -32768 -32768 -32768 -32768 -32768 -32768
