kuenm_practice/Projection_variables/cc_rcp85/bio_12.asc
NCOLS 360 
NROWS 210 
XLLCORNER -125 
YLLCORNER 20 
CELLSIZE 0.166666666666667 
NODATA_value -32768 
[rows 76 to 113 of 210, columns 85 to 169 of 360]
417 402 335 255 239 232 227 225 233 248 268 297 299 284 273 267 261 270 298 302 294 337 313 308 342 383 367 362 370 390 425 446 428 375 351 354 357 356 366 377 391 407 421 427 438 450 458 461 465 464 458 460 469 484 505 526 550 560 557 555 553 556 572 594 617 625 624 624 625 622 617 611 608 611 616 617 619 618 616 623 645 674 697 720 743
355 342 289 233 213 206 211 215 219 238 268 281 263 248 241 236 234 242 256 270 268 286 318 318 333 364 346 347 341 360 383 403 411 364 343 353 372 371 369 379 390 399 406 423 431 438 443 445 450 447 441 439 458 477 499 519 539 551 554 555 558 567 579 596 617 626 622 619 618 619 614 614 614 619 625 631 636 647 654 658 668 698 711 727 743
320 296 266 221 202 197 198 209 220 234 247 252 234 226 220 220 222 227 238 248 268 285 298 299 311 326 324 312 321 338 360 380 385 366 366 377 390 379 381 392 400 398 393 406 424 442 449 450 447 444 440 440 454 473 491 510 528 539 546 551 558 568 581 598 612 614 615 618 616 611 614 615 625 632 640 648 659 672 682 683 688 711 728 736 747
290 269 241 218 204 201 199 211 228 224 229 237 226 227 214 212 211 223 248 256 273 291 282 292 308 335 339 329 330 332 347 367 377 379 397 400 412 417 410 412 422 418 415 413 416 425 442 459 458 449 446 448 457 473 490 505 517 529 540 549 559 568 581 597 609 614 618 620 617 611 611 623 633 643 653 665 676 689 696 701 709 731 746 756 762
290 250 228 211 204 202 204 213 233 225 219 226 225 218 222 231 225 228 256 280 327 306 299 294 305 402 394 419 357 336 338 362 401 387 396 405 414 421 426 433 445 436 429 433 435 436 439 445 455 462 457 457 462 474 491 503 508 516 527 539 551 564 578 593 608 614 618 615 617 616 622 628 640 654 661 670 685 697 705 711 721 736 749 764 777
291 253 234 217 218 213 212 223 232 247 269 243 248 252 240 243 242 244 262 295 346 361 359 326 323 423 542 609 445 348 335 352 417 396 404 408 415 425 434 450 465 459 454 454 452 460 470 478 475 464 461 457 463 473 484 494 500 505 515 530 543 556 574 586 600 611 609 609 617 622 633 650 647 653 660 671 683 698 707 714 721 733 746 767 790
315 289 259 235 236 236 230 228 259 282 292 270 275 281 260 252 257 278 283 311 362 404 506 439 382 419 546 594 457 377 352 363 441 412 404 406 410 415 419 426 436 441 446 450 449 455 460 471 481 482 481 472 466 469 476 482 489 494 506 521 533 549 566 584 595 598 602 611 619 630 644 657 658 650 649 664 680 698 712 725 733 744 764 778 800
389 409 375 329 291 269 250 244 280 314 314 323 288 286 280 283 289 290 310 332 370 420 487 559 546 524 538 585 536 436 397 413 425 422 411 403 407 406 399 399 413 424 432 440 446 449 455 466 477 481 475 467 466 471 480 486 487 492 507 519 525 539 552 573 586 598 603 606 611 628 643 657 659 654 655 665 685 706 721 727 730 737 753 767 788
566 573 566 510 451 390 299 286 301 291 296 339 304 284 307 308 299 328 351 372 439 468 503 557 632 621 624 640 620 543 547 467 403 401 395 395 396 391 383 382 397 402 411 414 424 443 448 455 460 466 470 467 471 473 484 495 498 496 508 525 536 547 555 563 572 583 595 603 606 623 642 658 665 665 668 677 697 712 720 724 720 729 742 757 767
710 714 711 645 617 580 490 431 368 342 319 275 279 305 297 313 333 377 408 422 510 538 561 552 625 648 662 711 651 644 630 478 409 395 388 388 383 381 375 372 380 380 387 399 414 424 432 448 461 472 472 469 466 468 479 491 499 505 515 531 543 544 552 569 579 583 588 595 609 626 641 656 665 677 688 694 703 713 717 719 724 735 747 761 772
662 598 520 472 387 362 345 295 265 290 305 320 327 326 311 330 351 390 426 445 454 488 540 546 633 592 593 634 622 703 709 623 489 414 391 381 376 372 368 369 373 376 383 394 404 416 444 457 456 462 467 467 460 460 472 484 502 518 533 540 547 545 549 565 578 592 597 605 618 629 641 655 669 685 699 702 705 711 721 730 737 748 759 773 787
447 415 317 273 228 208 222 220 215 244 338 339 354 328 331 360 389 402 440 475 498 503 518 532 572 559 566 629 629 733 786 613 464 419 396 377 374 367 364 363 361 368 375 384 394 415 439 444 444 452 458 464 461 462 475 491 513 527 541 547 545 548 558 565 579 590 598 607 622 629 640 656 668 678 692 699 704 713 729 742 751 755 764 776 795
362 304 254 221 191 180 185 193 213 237 263 310 308 306 329 362 439 473 473 514 533 554 547 512 544 530 488 571 621 599 735 692 476 427 400 383 381 376 372 365 361 359 361 375 395 416 426 427 432 446 456 464 466 472 484 501 520 536 547 548 547 548 557 572 587 597 598 597 607 617 633 650 661 678 693 706 711 721 737 751 760 767 777 788 801
383 334 280 236 204 186 182 190 209 233 256 267 293 364 363 365 405 440 489 550 574 618 643 505 514 536 428 439 522 491 690 764 500 438 410 398 393 388 381 379 373 371 369 377 397 413 420 424 432 443 453 463 468 472 482 498 518 536 551 556 556 557 565 578 593 599 600 595 597 605 620 635 648 668 690 706 721 733 746 759 772 781 788 797 808
454 429 375 306 255 205 205 216 234 249 289 314 330 425 383 398 453 476 500 539 615 661 612 468 429 450 478 486 548 665 716 688 541 465 432 412 406 401 395 392 384 385 379 381 396 413 416 423 431 441 452 463 466 477 481 499 527 546 556 559 557 558 562 571 585 595 596 598 605 613 621 630 650 676 698 712 721 726 747 768 781 789 797 799 808
376 382 389 330 266 228 248 253 274 298 324 362 387 453 452 442 467 499 529 540 639 602 452 445 453 472 604 636 593 808 775 621 538 476 435 428 423 413 406 399 395 389 381 387 398 411 414 419 426 436 447 459 466 467 474 493 519 535 546 551 550 552 558 561 571 578 582 587 597 606 612 617 635 664 684 708 714 719 737 759 777 789 799 803 812
261 259 339 453 296 325 322 311 331 353 409 408 427 480 459 500 480 470 389 421 473 484 439 431 448 516 512 645 561 714 801 738 536 492 456 453 435 418 411 402 394 391 381 395 403 407 411 417 422 429 435 445 455 464 470 476 498 516 526 531 535 542 550 554 555 556 561 575 591 603 614 621 629 651 667 685 701 716 728 747 764 776 793 809 829
237 233 234 333 275 344 390 366 376 379 333 304 333 435 408 377 368 520 462 437 465 425 427 511 529 638 625 650 726 671 574 607 473 477 474 461 443 431 419 405 396 391 393 400 401 405 409 411 417 421 427 437 447 456 461 471 485 498 505 512 521 532 542 546 544 537 540 564 582 600 615 630 641 651 667 680 694 713 735 758 773 779 798 820 836
244 257 205 230 221 320 443 402 315 262 246 240 241 301 361 306 370 431 484 478 499 446 525 455 565 649 613 641 656 479 447 547 562 461 501 469 462 450 428 404 393 384 378 381 393 400 403 407 412 418 420 426 439 452 460 470 479 486 493 499 511 525 537 547 546 539 543 561 581 601 621 638 650 664 675 682 693 716 730 755 773 788 811 831 851
219 228 198 204 203 272 332 302 251 236 251 302 307 238 257 454 589 680 684 506 406 510 692 706 657 749 664 545 544 375 385 456 443 474 517 508 479 470 434 410 395 380 368 367 369 387 398 399 405 409 413 420 432 447 460 466 467 479 488 495 506 521 536 551 549 549 549 559 576 595 613 629 645 657 672 684 702 716 733 748 769 797 825 838 852
240 239 185 179 187 213 234 238 237 239 330 439 481 386 256 361 505 373 442 399 403 459 619 627 674 606 709 564 440 367 377 411 432 485 605 506 448 444 413 407 377 359 353 352 356 362 375 380 384 397 404 411 423 440 457 458 459 467 478 491 504 514 525 536 537 546 549 560 574 591 613 631 650 663 678 696 707 719 734 751 771 808 847 852 862
243 211 174 181 189 218 230 246 261 286 315 396 513 466 357 251 225 261 322 381 535 586 580 539 567 633 698 581 320 412 443 432 437 469 639 559 415 405 384 377 354 337 334 345 346 352 361 366 368 383 394 401 413 431 445 454 458 465 477 486 498 506 518 527 530 531 539 551 566 586 608 631 648 664 679 696 709 721 739 766 803 835 863 870 870
177 182 193 201 206 236 262 241 304 496 445 342 433 550 442 352 273 268 396 425 552 532 503 376 477 543 648 616 311 374 435 421 391 410 472 448 394 367 347 341 328 315 312 327 330 347 357 365 366 364 376 391 404 415 425 437 445 458 476 495 507 515 525 532 532 535 540 551 568 591 613 633 650 665 680 696 704 715 745 784 831 868 866 872 863
155 171 203 223 216 232 234 273 317 558 453 338 327 428 528 550 441 330 377 469 467 403 386 435 400 417 478 623 435 431 328 343 370 372 361 371 369 343 321 310 301 295 295 312 318 332 348 357 360 360 364 385 396 406 413 426 437 449 469 488 504 513 521 529 531 531 539 553 569 591 613 632 646 658 676 695 712 729 753 790 827 841 843 858 863
175 172 197 246 241 223 235 301 320 372 372 338 351 327 368 498 590 540 444 590 648 497 480 607 500 574 530 501 447 340 537 368 392 463 404 366 343 319 302 288 284 283 288 300 311 322 340 349 353 361 366 380 392 403 412 421 433 446 459 473 490 502 513 521 529 540 547 556 572 592 612 629 642 656 677 699 719 737 758 785 812 826 834 847 858
330 183 185 232 241 260 276 305 341 365 382 348 356 381 443 497 572 652 603 765 847 709 649 743 632 540 455 348 272 260 463 583 402 534 529 429 372 346 316 297 282 283 289 299 306 318 326 332 350 365 368 374 386 394 408 418 430 441 451 462 481 497 510 521 537 547 556 569 583 596 612 627 639 656 680 704 722 742 763 783 804 822 838 853 860
298 193 172 213 277 345 387 427 450 384 383 417 407 416 539 671 728 734 879 925 914 803 879 844 839 794 534 302 227 235 264 585 470 455 587 479 407 384 358 316 297 294 296 305 316 322 332 342 359 369 377 381 388 393 400 408 423 433 448 460 476 500 520 533 541 553 569 583 596 605 615 630 645 663 683 705 725 744 763 781 797 821 841 864 873
166 187 161 213 300 400 406 390 415 360 364 381 462 535 576 689 780 851 866 924 910 775 676 684 681 536 364 244 214 218 237 301 470 391 423 439 413 410 400 346 317 308 314 317 323 334 345 359 372 379 384 389 392 392 397 406 417 434 450 465 482 504 526 540 548 566 580 591 601 608 619 634 651 669 687 709 728 742 759 774 782 812 849 879 890
134 147 185 225 269 344 330 292 311 303 332 366 409 489 547 665 755 735 746 914 906 806 890 960 773 729 510 277 213 208 221 364 613 478 436 427 428 422 392 357 344 332 328 329 342 354 364 377 384 383 387 390 394 393 394 398 415 437 455 471 489 507 526 540 551 569 588 602 606 611 624 640 657 674 692 711 728 736 749 766 778 807 849 881 896
137 150 198 206 240 296 254 241 257 264 287 321 374 386 468 576 802 652 661 691 718 597 682 685 866 949 792 415 230 211 219 247 318 520 518 516 444 405 374 355 344 331 341 362 375 381 388 392 391 384 387 390 394 398 403 409 425 441 458 476 492 509 524 529 546 570 585 598 607 613 620 634 654 675 699 716 729 736 751 770 791 812 844 873 894
135 153 151 177 223 229 215 217 227 235 254 303 374 401 451 469 520 484 514 529 583 560 524 536 810 961 738 442 266 226 242 265 344 638 633 457 438 417 362 344 343 350 366 391 399 399 399 399 395 390 393 396 401 407 415 424 438 453 464 474 494 511 524 532 539 557 572 583 600 617 622 636 650 667 693 714 731 742 755 778 802 821 847 875 896
166 188 174 187 216 193 209 223 239 250 232 247 264 326 364 385 386 400 436 419 468 490 493 532 633 849 771 539 324 262 265 285 402 696 545 440 415 410 488 392 359 379 392 411 401 392 391 394 395 395 398 402 408 420 428 435 447 459 468 480 491 506 517 529 535 546 566 583 597 611 616 625 647 667 690 711 734 746 762 783 807 832 860 883 903
216 233 232 202 219 204 214 225 251 273 261 222 231 260 297 292 308 328 377 388 394 455 494 504 549 554 772 617 442 313 290 341 564 674 468 456 457 452 445 512 465 434 399 385 376 377 382 387 386 391 401 412 422 431 433 437 446 458 470 481 493 504 519 531 538 553 575 593 596 609 622 630 644 666 688 711 731 749 767 786 811 835 868 889 903
228 294 278 228 214 213 215 227 255 341 314 227 215 216 227 239 245 273 303 348 371 448 472 513 497 442 683 669 492 347 326 421 658 606 448 414 409 386 362 414 448 449 416 395 386 387 389 393 400 410 419 422 425 427 425 427 438 453 465 475 487 503 516 531 542 554 573 586 590 599 610 633 647 670 693 709 728 755 777 797 818 838 864 887 905
233 268 298 310 235 227 228 220 243 313 273 249 218 211 227 246 243 264 286 313 339 404 426 456 420 405 564 627 449 352 320 481 728 551 454 398 371 352 367 432 441 421 411 394 390 386 384 389 398 408 417 422 425 424 424 426 437 451 462 479 494 507 526 538 547 552 560 572 587 607 617 628 654 671 691 712 734 761 785 806 828 841 859 883 902
233 258 270 317 323 303 242 219 249 311 444 292 223 207 218 249 249 270 274 295 304 357 406 449 441 419 454 502 353 336 322 373 561 573 543 391 372 364 368 390 391 395 401 387 381 377 377 380 391 403 414 420 424 426 428 432 443 459 472 486 494 508 526 543 546 547 550 566 585 604 624 634 648 666 683 710 730 757 783 808 829 841 858 883 904
217 245 276 290 318 327 259 227 281 334 411 375 221 203 208 219 230 252 264 287 285 322 370 426 511 372 322 306 292 311 391 503 665 569 481 413 390 378 369 377 385 380 380 381 375 372 370 373 387 403 413 419 424 427 431 439 449 461 477 485 493 500 513 527 538 542 551 581 602 617 630 649 663 674 686 709 728 744 770 800 832 850 863 884 904
220 242 250 274 284 284 250 235 286 340 347 441 285 202 208 215 224 235 242 254 283 302 346 514 652 614 602 385 279 345 493 695 567 475 435 421 405 398 382 389 386 383 373 367 373 370 369 373 388 403 415 421 425 431 437 443 452 470 480 488 496 501 515 532 550 555 574 594 612 634 647 660 676 685 698 716 732 753 775 798 830 851 866 884 900
