kuenm_practice/Projection_variables/cc_rcp85/bio_1.asc
NCOLS 360 
NROWS 210 
XLLCORNER -125 
YLLCORNER 20 
CELLSIZE 0.166666666666667 
NODATA_value -32768 
[rows 0 to 38 of 210, columns 264 to 351 of 360]
-32768 -32768 -32768 -32768 -32768 -32768 -32768 -32768 0 0 0 -1 -1 -2 -2 -4 -4 -5 -7 -9 -9 -9 -8 -9 -8 -7 -8 -9 -12 -12 -12 -11 -12 -12 -11 -12 -11 -11 -12 -14 -15 -14 -14 -14 -14 -14 -14 -13 -14 -14 -14 -14 -14 -14 -14 -15 -15 -15 -16 -17 -16 -17 -19 -18 -18 -17 -17 -17 -18 -19 -19 -20 -19 -20 -19 -18 -18 -17 -17 -17 -18 -19 -18 -17 -13 -12 -12 -11
-32768 -32768 -32768 -32768 -32768 -32768 -32768 1 1 0 0 -1 -1 -2 -2 -2 -3 -4 -5 -6 -7 -8 -8 -8 -9 -9 -8 -8 -9 -11 -11 -11 -11 -11 -10 -11 -11 -12 -12 -13 -12 -11 -12 -13 -12 -12 -13 -13 -13 -13 -13 -13 -13 -14 -14 -14 -14 -15 -15 -15 -16 -15 -17 -18 -17 -17 -17 -17 -16 -16 -16 -16 -16 -17 -18 -18 -17 -17 -16 -15 -15 -16 -18 -16 -15 -13 -11 -10
-32768 -32768 -32768 -32768 -32768 -32768 -32768 2 2 2 1 1 1 -1 -3 -3 -4 -3 -4 -5 -4 -5 -6 -6 -7 -8 -8 -7 -6 -8 -10 -10 -10 -10 -9 -9 -9 -11 -11 -11 -11 -11 -12 -12 -12 -12 -13 -13 -13 -13 -12 -13 -13 -13 -13 -13 -13 -13 -14 -14 -15 -14 -14 -16 -17 -16 -15 -16 -17 -16 -15 -15 -15 -16 -17 -17 -17 -17 -16 -15 -15 -16 -16 -16 -14 -10 -9 -9
-32768 -32768 -32768 -32768 -32768 -32768 -32768 -32768 3 3 3 3 2 0 -1 -2 -3 -3 -3 -4 -3 -3 -3 -3 -4 -4 -5 -5 -5 -6 -6 -6 -5 -6 -7 -8 -7 -9 -9 -10 -10 -10 -12 -12 -12 -11 -11 -11 -11 -11 -12 -11 -11 -11 -11 -12 -12 -12 -13 -14 -16 -16 -15 -15 -15 -14 -14 -14 -14 -15 -14 -14 -14 -14 -14 -14 -15 -15 -14 -14 -14 -14 -14 -13 -12 -12 -9 -8
-32768 -32768 5 -32768 -32768 -32768 -32768 -32768 -32768 4 4 4 3 2 1 0 -1 -2 -2 -3 -3 -2 -3 -3 -2 -2 -2 -3 -2 -2 -2 -3 -4 -3 -4 -5 -7 -10 -9 -8 -9 -11 -10 -10 -10 -10 -9 -9 -10 -11 -10 -10 -10 -10 -11 -11 -11 -12 -14 -14 -14 -14 -14 -14 -14 -13 -13 -13 -13 -13 -13 -13 -13 -13 -13 -13 -12 -12 -13 -13 -12 -12 -12 -12 -11 -12 -10 -8
-32768 -32768 -32768 -32768 -32768 -32768 -32768 -32768 -32768 6 6 6 5 4 3 2 1 0 0 0 -1 -1 -1 -1 -2 -1 0 0 1 -1 -2 -1 -1 -2 -3 -3 -3 -3 -5 -7 -6 -7 -7 -7 -8 -8 -7 -7 -9 -9 -9 -9 -10 -10 -10 -10 -10 -12 -15 -14 -13 -13 -12 -13 -13 -12 -12 -11 -11 -11 -11 -11 -12 -12 -12 -13 -12 -12 -12 -13 -13 -12 -12 -12 -10 -8 -10 -7
-32768 -32768 -32768 -32768 -32768 -32768 7 -32768 -32768 -32768 -32768 7 6 6 5 4 3 2 1 1 1 1 0 0 0 1 2 2 1 0 -1 0 0 0 0 0 -2 -1 -1 -1 -3 -5 -5 -6 -5 -6 -6 -6 -7 -8 -8 -10 -10 -9 -9 -9 -9 -11 -11 -11 -12 -11 -11 -11 -11 -11 -11 -10 -10 -11 -11 -10 -10 -10 -11 -11 -12 -13 -12 -13 -12 -12 -12 -11 -10 -9 -8 -7
-32768 -32768 -32768 -32768 -32768 -32768 -32768 -32768 -32768 -32768 8 8 8 7 7 7 6 5 4 4 4 3 3 3 3 3 3 3 3 1 0 0 0 0 0 0 0 0 0 -1 -1 -1 -1 -2 -3 -5 -5 -5 -5 -5 -6 -7 -8 -8 -8 -8 -8 -9 -9 -10 -10 -10 -10 -10 -10 -10 -10 -11 -10 -10 -10 -10 -10 -9 -9 -10 -10 -10 -10 -10 -10 -11 -10 -10 -9 -10 -9 -5
-32768 -32768 -32768 -32768 -32768 -32768 -32768 10 -32768 -32768 10 9 9 8 7 6 6 5 5 5 5 5 5 5 4 5 5 4 4 2 1 2 1 1 1 1 2 2 1 -1 -1 -3 -3 -4 -5 -5 -5 -5 -5 -5 -6 -6 -6 -7 -7 -7 -8 -8 -8 -8 -8 -9 -9 -10 -9 -9 -9 -10 -10 -9 -10 -9 -8 -8 -8 -9 -9 -9 -9 -9 -9 -11 -12 -12 -11 -11 -7 -5
-32768 -32768 -32768 -32768 -32768 10 10 9 -32768 -32768 -32768 10 10 9 9 8 6 7 7 7 7 7 5 6 5 6 6 5 5 4 3 3 2 1 0 0 0 2 2 0 -1 -1 -1 -3 -3 -4 -5 -5 -5 -5 -6 -5 -6 -6 -5 -6 -7 -8 -8 -7 -7 -7 -8 -8 -9 -9 -9 -9 -9 -9 -9 -8 -7 -7 -7 -8 -8 -9 -8 -9 -8 -9 -9 -10 -11 -9 -6 -5
-32768 -32768 -32768 -32768 -32768 11 11 12 11 -32768 -32768 11 11 10 9 9 8 8 7 7 7 7 6 7 7 7 7 7 6 5 5 3 2 3 2 1 0 2 1 0 -1 -1 -2 -3 -3 -3 -3 -3 -4 -5 -4 -5 -6 -5 -5 -6 -6 -7 -7 -6 -6 -6 -6 -8 -9 -10 -11 -9 -9 -9 -8 -8 -8 -7 -8 -7 -7 -8 -8 -8 -9 -8 -8 -8 -8 -6 -5 -5
14 -32768 -32768 -32768 -32768 -32768 12 12 -32768 -32768 -32768 13 12 12 10 10 10 9 8 7 7 7 6 7 8 7 7 7 6 6 6 4 3 4 2 1 1 2 2 2 2 1 1 1 0 0 -1 -2 -2 -2 -2 -3 -3 -4 -4 -5 -7 -6 -6 -5 -5 -5 -6 -7 -8 -9 -11 -11 -12 -10 -8 -8 -10 -9 -9 -6 -5 -6 -7 -6 -7 -7 -7 -8 -7 -4 -4 -5
14 15 -32768 -32768 -32768 -32768 -32768 -32768 -32768 -32768 -32768 13 14 13 13 12 11 11 10 9 9 8 7 8 9 9 9 9 8 8 7 6 5 4 4 3 2 3 3 2 1 1 1 2 2 0 -1 -1 -1 -1 -2 -2 -3 -5 -5 -6 -6 -5 -4 -5 -4 -4 -4 -5 -6 -7 -7 -9 -8 -8 -9 -8 -8 -9 -8 -5 -6 -5 -7 -6 -4 -6 -7 -6 -4 -5 -4 -4
15 16 -32768 -32768 -32768 -32768 -32768 -32768 -32768 -32768 14 14 15 15 15 14 13 12 12 11 11 11 9 8 8 9 9 9 9 9 8 8 8 7 6 6 4 4 4 3 2 1 1 3 3 2 0 0 -1 -1 -1 -1 -1 -1 -2 -3 -3 -3 -4 -4 -3 -3 -3 -3 -4 -5 -5 -6 -6 -7 -6 -6 -6 -6 -5 -4 -5 -5 -4 -5 -4 -3 -7 -5 -4 -4 -3 -2
-32768 -32768 -32768 -32768 -32768 -32768 -32768 -32768 16 -32768 16 16 15 16 15 15 14 13 12 12 11 10 10 11 11 10 10 10 10 10 9 9 8 7 7 5 4 6 5 4 4 4 4 3 3 3 2 1 1 0 1 3 2 2 1 0 -1 -1 -1 -2 -2 -2 -3 -3 -5 -4 -2 -1 -3 -5 -6 -5 -5 -6 -5 -4 -4 -5 -4 -4 -5 -4 -3 -4 -3 -2 -1 -1
-32768 -32768 -32768 -32768 -32768 -32768 -32768 -32768 -32768 -32768 -32768 -32768 -32768 16 17 16 15 14 14 13 12 12 11 12 11 12 11 11 11 9 9 8 8 9 9 8 8 7 7 6 6 6 6 5 4 4 4 3 3 3 4 3 3 2 2 2 2 -1 -1 -4 -5 -7 -11 -9 -9 -3 -2 0 -3 -5 -4 -5 -5 -5 -2 -3 -4 -4 -3 -1 0 -1 -2 0 -2 0 -1 -3
-32768 -32768 -32768 -32768 -32768 -32768 -32768 -32768 -32768 18 -32768 18 -32768 -32768 18 18 17 17 16 15 14 13 13 12 13 12 13 12 12 12 12 11 10 10 11 10 10 10 10 9 10 9 7 7 7 7 7 6 7 5 4 4 1 0 -3 -2 -4 -5 -5 -7 -9 -11 -11 -7 -5 -5 -3 -1 0 -2 -2 -1 -2 -3 -1 -2 -1 -2 1 2 3 1 -1 1 2 1 -2 -4
23 -32768 -32768 -32768 -32768 -32768 -32768 -32768 20 20 20 19 19 20 19 19 18 17 16 15 14 13 12 12 12 13 13 13 11 12 12 12 12 12 11 11 11 11 11 11 11 10 9 10 10 10 9 8 7 7 5 1 -3 -6 -6 -1 -5 -5 -7 -6 -6 -8 -7 -5 -2 -6 -6 -5 -1 2 2 3 3 3 5 4 3 0 3 5 4 3 2 3 3 3 -2 -3
24 24 -32768 -32768 -32768 -32768 -32768 -32768 20 19 21 21 21 21 21 20 19 19 18 16 15 14 14 14 15 15 15 14 14 13 12 13 13 13 13 12 12 12 11 12 12 12 12 12 11 11 10 10 9 2 0 -1 -5 -5 0 0 -2 -2 -1 -2 -3 -4 -3 0 1 1 -2 1 1 6 6 6 2 2 6 9 6 4 5 7 6 5 5 5 3 2 3 0
25 24 25 -32768 -32768 -32768 -32768 -32768 -32768 -32768 23 22 22 22 22 21 20 20 19 17 17 16 16 16 16 16 16 16 15 14 14 14 14 14 14 14 14 13 12 13 13 13 13 13 12 12 11 10 2 -2 -2 -2 -1 1 4 5 4 3 3 1 2 0 1 4 5 6 3 4 1 4 8 6 3 7 9 9 10 10 0 -2 4 -3 -6 -4 3 1 1 4
26 26 26 26 -32768 -32768 -32768 -32768 25 24 25 25 24 24 23 23 22 21 20 19 18 17 17 17 17 17 16 17 17 16 16 15 15 16 16 15 15 15 15 14 14 14 15 13 13 11 12 8 5 7 5 7 9 8 5 5 6 8 6 4 1 3 2 2 5 6 6 6 4 6 8 12 10 10 9 13 8 -7 -7 -8 -6 -4 -6 -3 3 0 -1 5
27 27 27 27 -32768 -32768 -32768 27 27 26 26 26 27 26 25 24 24 23 22 20 19 18 18 18 18 18 17 17 18 17 16 16 17 16 16 17 17 17 17 16 17 16 16 15 13 13 14 12 14 14 11 11 12 8 7 6 7 8 9 8 7 4 2 2 7 6 8 9 8 7 10 12 8 7 9 13 13 1 2 7 5 4 3 7 6 2 1 0
30 29 29 29 29 28 29 29 28 28 27 27 27 27 26 25 24 22 21 20 19 19 19 19 19 19 18 18 18 17 16 16 18 18 18 18 18 18 18 18 17 17 17 16 15 16 17 17 16 16 16 14 14 11 8 9 9 11 9 9 10 9 4 -1 4 5 5 9 9 8 10 12 12 8 9 14 15 10 12 9 10 3 4 7 9 3 6 8
32 31 30 30 29 29 30 30 29 29 29 28 27 27 27 26 24 22 21 21 20 19 20 20 21 21 20 19 20 20 19 19 20 20 20 19 19 20 19 19 18 18 18 18 18 18 18 17 16 15 13 12 12 9 9 11 12 14 11 11 9 11 12 5 4 6 3 5 9 7 9 8 10 14 14 9 7 4 8 15 10 7 4 6 13 6 8 10
33 32 31 31 30 30 30 31 31 30 28 28 27 27 26 26 24 23 22 21 20 21 21 22 22 22 22 22 22 21 21 20 21 20 20 20 21 20 19 19 19 19 20 20 20 19 18 18 17 15 13 15 12 12 11 12 12 14 16 15 14 12 15 10 12 8 3 -1 7 9 10 7 8 11 10 4 4 5 9 18 11 11 10 12 14 13 18 18
34 32 31 29 29 29 30 30 31 31 30 28 28 27 25 24 24 23 23 22 22 22 23 23 23 23 23 23 24 23 22 23 23 23 23 22 20 21 20 20 21 21 21 21 20 20 17 17 15 15 16 15 15 15 14 15 15 16 19 16 17 17 17 16 14 9 4 5 9 11 15 10 10 11 14 11 9 7 12 17 12 12 16 16 15 17 15 20
34 32 29 27 25 26 26 27 28 30 30 30 29 27 25 25 24 23 23 23 23 23 23 23 23 24 25 25 24 23 22 23 24 23 22 21 20 21 21 20 20 21 23 22 21 20 18 19 18 16 18 17 18 19 17 18 16 14 18 13 15 18 19 19 18 13 7 8 11 11 17 13 10 15 18 17 15 13 16 19 13 13 19 20 21 21 24 18
33 30 28 26 25 25 25 26 26 27 28 29 28 26 26 25 25 25 25 25 24 25 25 25 25 26 26 26 25 24 24 24 24 24 24 24 24 24 23 22 20 22 24 23 22 21 20 21 19 20 21 20 21 21 15 17 15 19 20 17 17 18 20 18 19 17 12 12 15 18 20 13 11 14 23 16 17 14 17 14 15 17 20 24 28 24 30 29
31 30 28 28 27 26 26 26 26 27 27 28 28 26 27 26 26 26 26 26 26 27 27 26 27 28 28 27 26 25 27 26 26 26 26 26 25 26 25 25 24 23 25 23 23 23 23 23 22 24 24 22 23 23 20 17 19 20 24 21 21 21 18 15 17 19 19 19 19 21 22 18 14 16 22 19 16 16 21 17 18 23 24 32 35 35 40 43
32 30 30 28 28 28 27 28 28 28 28 29 29 28 28 28 28 28 28 28 28 28 28 29 29 29 29 30 29 29 29 29 28 29 28 28 28 27 26 26 26 25 25 24 25 25 26 25 24 26 23 20 23 23 25 21 22 22 26 27 28 25 23 20 18 21 24 22 21 22 21 25 22 24 23 21 20 21 24 22 19 31 32 38 42 43 46 47
33 31 30 29 29 28 28 29 30 31 31 31 31 31 30 30 30 30 29 29 30 30 30 31 31 31 32 31 32 31 30 30 30 31 31 30 30 29 28 27 27 27 25 26 28 28 28 27 27 28 26 24 24 26 28 28 26 26 28 29 28 29 28 27 26 26 27 25 23 23 24 26 25 25 26 26 25 26 26 25 25 33 39 43 47 -32768 -32768 -32768
34 32 31 31 30 30 29 30 31 32 32 32 32 32 32 32 32 31 30 30 31 31 32 32 33 34 33 33 33 33 33 32 32 32 32 32 32 31 30 29 29 27 27 27 30 30 29 28 28 30 30 29 30 30 31 29 31 32 33 33 34 31 30 30 30 29 28 28 27 27 26 27 28 29 32 32 33 31 31 29 30 33 42 48 -32768 -32768 -32768 -32768
35 34 33 32 32 32 32 33 33 34 33 34 34 34 34 34 33 32 33 33 33 33 33 32 31 34 35 36 35 35 35 35 34 33 33 33 33 33 32 31 30 29 29 29 31 33 31 27 31 33 33 34 36 36 37 33 34 34 36 36 34 33 33 33 30 31 30 29 31 29 29 30 31 32 31 34 29 29 30 33 33 39 46 -32768 -32768 -32768 -32768 -32768
36 35 35 33 33 33 34 35 35 35 35 36 36 36 36 35 35 35 35 34 35 35 35 34 34 35 36 37 37 36 36 35 35 35 35 35 34 34 33 32 32 32 32 32 32 34 31 34 34 37 37 37 40 41 41 37 35 36 38 33 32 31 31 29 29 31 33 32 37 31 32 34 33 35 36 37 35 36 38 39 42 47 51 -32768 -32768 -32768 -32768 -32768
38 36 35 33 32 34 35 36 36 36 37 35 36 37 37 37 37 37 36 36 36 37 38 39 38 38 37 37 37 36 35 34 35 35 35 35 34 33 32 33 33 34 34 35 35 36 36 37 39 40 41 41 43 43 41 39 34 37 38 36 32 30 31 32 29 32 34 33 36 36 40 38 38 37 40 44 44 43 44 45 48 51 -32768 -32768 -32768 -32768 -32768 62
38 36 35 35 36 36 36 36 38 37 39 39 38 38 38 39 39 39 38 37 38 39 39 40 41 39 36 36 37 37 36 36 36 36 36 35 32 32 33 34 34 35 35 36 36 37 39 42 43 44 45 47 47 46 44 43 42 38 39 41 34 30 31 33 34 33 34 35 35 36 40 43 46 46 48 49 49 -32768 -32768 -32768 -32768 -32768 -32768 -32768 58 56 54 53
39 37 37 37 38 39 40 40 41 41 41 41 40 40 40 40 41 40 39 38 39 40 40 41 40 38 38 38 38 37 37 38 38 37 36 34 34 34 34 34 34 34 35 34 34 37 40 43 46 48 51 52 51 50 48 48 46 45 40 41 30 28 30 31 32 34 33 38 39 44 44 49 52 53 55 -32768 -32768 -32768 -32768 -32768 58 55 52 48 47 48 38 40
39 38 38 39 40 41 42 42 44 44 44 44 43 43 42 42 42 41 40 40 40 40 41 41 41 38 38 37 38 38 39 39 39 38 36 37 37 37 37 36 33 34 37 35 32 34 36 40 43 51 55 57 55 53 53 52 52 51 46 43 32 29 30 29 29 31 35 41 44 48 52 55 56 -32768 -32768 -32768 -32768 60 56 54 53 51 47 44 41 43 45 47
41 41 41 41 40 40 43 44 45 45 46 45 44 44 44 44 43 43 41 40 40 41 42 42 41 39 38 40 40 40 41 41 41 40 40 39 39 39 39 38 35 37 39 36 34 36 39 40 43 47 53 57 58 58 57 56 56 55 55 54 47 38 31 29 29 35 39 40 45 51 56 59 -32768 -32768 -32768 61 58 55 51 51 52 50 51 49 47 45 45 50
