kuenm_practice/Projection_variables/cc_rcp85/bio_15.asc
NCOLS 360 
NROWS 210 
XLLCORNER -125 
YLLCORNER 20 
CELLSIZE 0.166666666666667 
NODATA_value -32768 
[rows 82 to 122 of 210, columns 182 to 272 of 360]
119 119 118 118 118 118 118 118 117 117 117 117 115 113 111 112 112 112 112 112 109 105 106 110 112 113 114 115 114 114 115 112 112 114 115 114 113 113 114 115 118 121 123 125 122 120 119 118 118 119 119 118 116 114 111 108 105 104 101 99 99 101 102 102 103 105 106 105 105 105 106 107 107 105 102 100 100 102 102 104 107 106 106 107 109 111 117 121 124 125 129
120 120 119 117 118 119 118 117 117 117 119 119 115 113 112 112 113 112 111 110 108 105 105 109 113 115 116 116 114 114 114 113 115 115 115 114 113 111 111 113 116 119 121 121 120 119 117 116 116 116 117 117 115 113 110 107 104 103 100 98 98 99 101 103 104 108 109 108 108 108 110 110 110 109 108 106 106 106 105 107 108 108 108 108 109 110 114 119 121 124 125
120 120 119 117 118 120 119 118 117 118 118 118 116 113 112 112 112 111 110 109 107 107 107 111 113 115 115 114 115 114 113 113 115 115 114 112 111 109 108 110 114 117 117 116 116 116 114 113 113 113 114 114 112 110 108 106 104 102 100 98 97 98 100 102 104 108 109 109 109 111 112 112 112 112 112 111 110 109 109 109 111 111 111 110 110 109 110 114 116 120 121
120 119 118 117 119 121 121 120 118 118 117 117 116 114 113 111 112 112 111 111 108 108 110 112 112 113 113 113 113 113 112 115 114 113 112 111 109 107 105 107 112 115 114 112 113 112 111 110 109 108 110 112 111 110 108 106 104 103 101 99 98 99 100 103 106 108 109 109 110 112 114 115 116 115 115 114 113 113 113 113 112 113 112 112 110 109 108 108 111 115 117
119 118 118 119 120 121 121 122 121 120 118 117 115 113 112 111 113 113 113 112 110 109 111 111 111 111 112 113 112 111 112 113 113 112 111 111 109 108 107 108 111 113 113 112 111 111 109 107 108 108 111 113 113 112 110 107 105 104 103 101 99 99 101 104 106 107 108 108 110 112 114 118 118 118 117 118 117 117 116 115 114 115 114 113 112 110 107 107 109 112 115
119 118 119 119 120 121 123 124 125 124 121 117 115 113 112 112 113 116 116 114 112 108 109 109 110 110 110 109 108 108 110 112 112 111 112 112 112 110 110 111 112 113 113 112 111 109 108 108 108 109 111 113 113 112 109 107 105 105 105 104 102 101 102 105 106 108 109 108 109 112 115 118 119 119 119 120 119 118 118 116 115 115 116 116 114 112 109 108 108 111 115
121 120 120 120 121 123 125 126 129 129 124 119 115 113 113 113 113 116 118 116 112 110 109 110 112 111 109 107 106 106 109 112 112 113 114 114 113 112 112 112 112 113 113 112 112 112 111 110 109 110 112 113 113 111 108 105 105 106 107 106 104 102 103 106 108 109 110 109 109 112 115 118 120 121 122 122 121 119 118 117 115 116 117 117 116 115 112 110 108 108 112
124 123 122 121 122 123 125 126 128 129 125 120 115 114 115 115 114 115 116 115 113 111 111 112 112 110 108 106 106 107 108 110 111 113 115 115 114 113 112 111 111 112 113 112 113 115 115 112 111 113 114 115 114 112 110 108 108 109 110 108 105 102 102 106 110 112 112 110 109 111 113 117 119 120 122 122 121 119 117 115 117 120 119 117 118 118 114 112 109 111 115
126 124 122 122 121 122 122 124 125 126 124 121 119 118 117 116 116 116 115 114 114 113 112 112 111 109 109 108 108 108 109 110 111 112 113 114 113 112 111 112 112 113 114 114 115 115 115 115 115 115 116 117 117 116 116 114 112 111 110 109 107 105 103 104 108 110 110 108 107 108 110 113 116 119 122 122 120 119 117 116 119 122 121 120 121 120 118 114 113 116 124
128 126 125 123 122 121 120 121 123 124 124 123 122 122 119 118 117 117 116 115 115 114 112 111 109 110 111 110 109 109 109 109 110 111 111 112 111 110 111 111 112 113 114 115 117 118 118 118 117 116 116 118 118 118 118 116 116 114 113 114 111 108 105 104 107 109 109 107 106 106 108 113 115 118 121 123 122 120 117 117 119 121 122 123 124 124 121 118 116 126 128
130 129 127 125 124 122 121 121 122 124 125 125 124 123 121 119 118 118 118 117 115 114 112 110 109 110 111 110 110 108 109 110 109 109 109 109 109 109 109 110 112 113 115 116 118 120 121 120 117 115 115 115 115 116 116 118 117 115 114 114 112 110 109 108 110 111 111 110 108 106 110 115 117 117 118 121 122 119 116 116 118 120 123 125 127 126 123 120 124 131 132
130 128 127 126 124 123 122 123 123 124 125 126 125 124 122 120 119 120 120 119 116 113 110 109 108 108 109 110 110 110 110 110 110 109 108 108 108 108 108 109 110 113 115 117 120 122 124 122 118 115 114 114 115 115 117 118 117 116 118 118 116 114 114 111 113 115 113 111 111 109 111 117 118 118 117 119 120 119 115 114 117 120 124 127 128 126 122 124 130 135 136
127 126 125 125 123 122 122 122 123 124 125 126 126 124 122 120 120 120 120 119 115 113 109 108 108 108 107 109 110 111 111 112 111 110 107 106 105 105 106 107 109 111 113 117 119 121 123 122 118 116 116 117 116 116 121 123 123 123 123 122 122 120 120 117 114 115 115 115 116 115 112 115 118 119 119 120 121 119 117 118 120 122 126 129 130 126 124 128 133 139 137
125 124 125 124 124 122 122 122 123 124 125 126 126 124 122 121 120 119 119 117 114 111 109 107 108 108 108 109 108 108 109 110 111 109 107 105 107 109 111 113 114 115 115 117 120 122 124 125 123 119 118 117 117 122 128 129 129 129 127 128 126 124 124 122 120 119 119 119 118 116 114 115 119 121 122 123 123 123 123 123 124 126 130 132 134 132 132 135 137 137 136
123 123 124 124 124 122 121 122 124 124 126 128 127 125 122 121 120 119 118 117 114 110 108 105 106 106 106 105 105 106 106 107 109 109 108 110 113 115 117 119 120 121 121 122 123 125 128 130 127 125 124 122 123 127 132 133 133 132 132 131 130 128 127 126 124 123 121 120 119 115 115 117 121 124 124 124 125 127 128 128 129 131 133 135 137 140 142 145 139 137 132
127 124 123 124 123 122 122 123 124 125 127 129 129 126 122 121 119 119 118 116 113 110 109 107 104 104 104 104 105 105 105 104 107 111 114 116 119 120 122 124 126 127 128 126 126 128 131 133 133 131 129 128 128 130 134 135 135 135 135 134 133 131 130 128 126 124 122 120 119 114 114 119 125 127 125 126 127 130 131 131 131 133 136 140 142 151 158 157 144 139 132
130 126 123 124 125 125 124 125 126 127 128 129 129 127 124 122 121 121 119 117 114 111 109 108 105 103 102 103 105 105 104 108 113 116 118 120 123 126 128 130 131 132 131 131 131 133 135 137 137 136 135 134 134 134 136 137 139 138 138 136 135 133 131 130 128 125 123 120 119 119 118 121 126 128 128 128 129 132 132 132 132 134 137 144 153 158 165 158 149 135 124
131 128 125 124 126 127 126 126 128 130 129 129 128 127 125 124 123 122 120 118 115 112 110 108 107 104 102 102 103 104 106 112 117 120 121 123 126 131 134 136 136 135 135 136 138 138 139 140 140 140 138 137 138 136 139 140 141 140 138 136 135 133 132 130 128 126 124 125 124 123 123 124 126 128 130 131 132 132 134 134 134 135 142 151 157 158 159 152 140 131 118
130 128 126 126 126 126 126 127 128 129 129 127 126 126 125 125 124 122 120 118 116 114 112 109 107 107 107 107 106 108 113 117 122 124 125 127 129 133 138 139 139 139 139 140 142 142 142 142 143 141 140 139 139 138 141 141 140 139 136 134 133 132 131 130 128 127 128 129 129 127 126 128 128 131 133 134 135 136 137 137 136 137 140 147 150 152 150 138 130 122 112
129 127 126 126 125 125 126 126 128 128 128 127 126 126 126 126 124 122 119 117 116 114 112 110 109 110 110 111 113 116 120 124 127 129 131 133 134 136 140 141 142 142 142 143 143 143 143 143 143 142 141 140 139 139 140 140 139 138 135 134 133 132 130 129 129 128 132 132 132 130 129 130 131 133 135 136 138 138 138 138 136 136 138 142 144 139 130 127 119 115 110
128 128 128 127 127 125 126 126 126 127 127 126 125 125 125 124 123 122 118 115 114 113 112 112 113 114 114 115 117 122 127 130 133 135 137 138 138 140 143 144 144 145 146 145 144 142 142 144 144 144 143 142 140 139 141 140 138 136 135 134 133 131 128 127 126 130 133 132 132 130 130 131 132 133 135 136 138 138 138 137 135 132 134 132 127 120 119 116 114 110 110
130 130 129 129 128 127 127 126 126 126 125 125 124 123 123 122 121 119 116 114 113 115 116 115 119 119 120 121 122 127 132 136 138 140 143 144 142 144 146 147 147 147 147 146 143 142 142 144 144 145 145 144 143 142 140 140 137 136 135 134 132 129 128 126 126 129 130 130 128 128 128 129 130 130 132 134 134 135 135 133 130 127 123 121 114 112 113 108 109 108 110
133 131 130 129 128 126 126 126 126 126 124 123 122 122 121 120 118 117 115 115 117 118 119 121 122 123 127 128 130 133 138 141 143 144 147 148 149 150 150 149 149 149 148 147 143 142 142 143 145 146 146 146 144 144 143 141 139 139 138 135 133 131 129 129 127 127 127 125 125 125 124 124 125 127 128 129 128 128 128 126 123 121 115 111 109 110 109 108 106 108 111
134 132 130 129 127 125 124 123 124 124 123 123 122 121 121 119 117 117 116 116 118 121 126 126 128 131 134 136 137 140 143 143 144 145 147 149 151 152 152 152 150 149 149 146 144 143 142 143 147 148 148 147 147 146 145 144 143 141 139 137 135 135 134 132 130 127 126 124 123 122 121 121 121 124 126 125 125 123 123 121 117 113 110 107 112 108 106 105 106 110 113
132 129 128 127 127 125 123 121 122 123 123 124 123 122 122 120 119 119 118 120 122 125 128 131 134 138 142 144 144 145 145 146 146 146 148 150 152 153 153 153 151 150 149 147 146 144 144 145 147 148 149 150 148 146 146 144 143 141 139 137 135 135 134 131 130 129 130 128 125 123 120 119 120 122 123 124 125 123 120 119 114 110 109 106 104 105 105 108 109 111 112
130 128 127 126 125 124 122 121 121 123 124 124 123 122 121 121 123 121 121 124 127 130 133 135 139 145 150 151 150 149 149 148 147 148 150 150 152 153 153 152 151 151 151 150 149 149 148 148 148 148 148 149 148 148 147 145 143 141 138 135 134 134 133 132 133 133 134 133 131 128 123 123 121 122 123 124 124 122 122 120 115 110 107 105 106 108 114 119 116 116 115
131 129 127 125 125 124 122 121 121 122 122 122 121 119 118 121 123 122 125 128 131 134 137 140 143 148 154 157 155 152 152 151 150 150 153 154 155 155 153 152 152 152 154 155 154 154 153 152 150 148 147 147 148 149 148 145 142 140 137 136 135 136 136 136 136 138 140 139 137 136 134 126 127 123 122 124 125 124 120 118 113 110 107 108 112 116 122 122 124 121 119
130 128 128 127 126 124 123 122 121 121 121 122 120 120 117 119 122 125 126 130 133 136 139 141 144 147 152 155 155 153 152 152 152 152 155 157 158 156 155 155 155 156 157 158 158 156 156 154 152 151 151 150 151 151 148 145 143 142 141 139 139 139 139 139 141 143 141 142 141 141 135 129 122 121 122 123 122 122 124 122 118 114 112 113 118 125 130 130 128 126 123
130 130 129 128 127 127 125 124 123 123 124 123 122 121 119 121 125 127 126 130 134 138 140 141 143 146 149 153 153 152 151 152 152 153 155 157 158 157 157 157 158 160 161 161 160 157 155 154 154 154 155 156 156 155 151 147 145 144 146 145 144 145 146 143 148 146 142 140 140 138 134 128 124 121 121 122 128 129 134 126 123 120 118 118 123 130 133 131 129 126 125
134 136 135 132 131 131 130 129 129 129 127 126 124 123 121 125 129 129 128 132 136 139 140 141 143 147 150 152 151 149 149 150 153 153 155 156 157 157 158 159 162 163 163 163 161 158 154 152 151 152 155 157 159 158 155 152 150 150 152 150 150 151 152 148 145 143 141 139 137 134 129 126 125 122 122 129 131 135 138 134 132 125 121 119 122 127 130 129 127 126 126
137 138 137 136 135 136 135 135 135 134 132 129 127 125 126 129 133 134 135 136 139 141 140 141 144 148 149 150 148 146 147 150 152 153 155 156 156 157 158 161 164 166 165 165 162 157 152 145 145 150 155 158 159 160 159 158 158 160 158 156 157 159 158 148 144 142 139 136 133 128 124 123 125 128 129 135 138 144 143 136 127 126 125 124 122 122 125 125 126 126 127
139 140 139 138 138 139 139 140 140 137 134 131 129 129 133 133 136 138 140 140 142 142 139 141 146 147 147 146 144 144 147 151 153 153 154 155 156 157 160 163 166 167 167 165 163 159 153 145 143 150 159 163 162 162 162 163 167 167 164 162 160 162 157 150 145 139 137 136 131 126 124 126 133 134 140 149 149 143 137 130 132 132 129 126 123 122 121 122 124 127 129
142 143 143 143 142 143 143 143 142 139 136 132 134 138 140 140 140 139 141 141 141 142 140 141 143 145 145 144 145 147 149 153 152 152 154 155 157 158 161 163 166 167 166 164 164 163 158 153 150 154 161 166 167 164 163 164 171 170 170 168 162 159 157 151 145 142 137 136 135 130 128 126 138 141 146 149 147 135 132 134 133 132 129 126 124 123 124 123 124 129 132
145 147 146 145 145 142 142 142 140 141 139 140 142 145 148 148 145 141 139 140 140 140 140 142 145 146 146 144 146 150 154 154 154 154 155 157 157 159 162 164 167 167 166 165 165 165 163 161 160 161 166 169 168 165 166 170 173 171 172 165 165 163 160 157 154 156 154 155 166 151 150 128 122 150 160 143 139 136 137 135 133 132 129 126 124 124 126 126 129 133 136
146 146 145 141 138 139 138 138 136 136 138 143 145 149 150 150 150 148 145 142 140 144 144 145 146 148 149 148 149 155 156 157 158 157 157 158 159 160 162 165 168 170 171 170 169 168 167 166 165 168 171 172 171 170 176 176 172 175 169 167 168 167 165 166 177 185 193 196 186 173 150 137 127 141 145 143 144 145 141 136 133 132 129 127 126 127 128 133 136 139 141
144 143 138 134 133 132 133 133 133 134 136 140 144 148 150 152 151 151 150 148 148 151 151 151 152 153 152 151 154 156 158 159 159 158 160 161 162 164 165 168 171 174 175 176 176 175 173 173 172 173 175 176 177 181 180 176 176 171 168 169 170 172 174 189 191 190 184 184 179 193 185 172 143 146 149 147 146 144 140 136 134 133 130 128 127 130 137 141 143 146 147
142 138 129 125 129 133 137 136 138 139 138 139 141 143 147 150 152 154 152 152 152 153 154 156 157 157 156 153 156 156 159 161 162 162 161 164 167 168 169 172 175 178 178 179 179 177 177 176 175 176 178 178 181 185 183 179 178 170 170 170 174 181 188 201 203 205 207 192 199 201 207 186 174 164 160 154 149 145 141 139 137 134 132 129 128 135 141 145 148 152 155
143 133 116 118 129 135 137 139 143 144 145 142 142 143 144 146 149 152 152 151 151 151 155 160 160 160 159 157 159 160 162 164 167 167 167 168 170 172 173 176 178 180 179 180 181 180 178 178 178 178 180 184 186 185 179 181 173 172 173 174 184 190 191 189 196 209 221 211 221 221 203 200 177 166 161 156 151 147 142 139 138 136 133 131 133 139 144 149 153 158 161
150 140 132 131 139 139 141 148 151 152 152 148 146 145 150 150 149 150 151 152 151 151 155 160 161 160 159 163 164 164 165 170 172 173 172 172 172 173 175 177 179 179 179 179 181 181 182 181 180 181 184 186 185 183 186 182 174 174 174 179 199 196 194 195 199 210 217 216 208 197 179 174 169 165 157 151 149 145 141 138 137 136 134 136 140 144 148 153 158 163 166
157 151 146 145 146 150 154 155 158 161 158 154 153 153 153 152 150 151 152 150 150 152 155 160 161 159 164 169 168 167 171 174 176 176 176 175 175 176 177 178 179 179 177 179 180 181 182 181 181 181 183 182 182 188 186 184 177 177 173 179 194 198 202 206 207 210 206 201 187 180 171 167 163 159 154 148 146 144 142 138 136 134 138 142 145 148 151 154 158 162 164
162 157 154 153 161 162 159 158 157 159 159 157 156 156 154 152 150 151 153 152 151 155 157 160 163 167 173 176 174 173 175 175 177 178 177 176 176 176 179 181 182 182 180 180 181 181 181 180 180 179 180 180 185 187 187 183 178 177 172 174 186 195 201 200 198 197 192 186 172 169 164 159 155 152 148 146 144 143 141 137 135 137 142 146 148 150 153 156 158 160 162
