kuenm_practice/Projection_variables/cc_rcp85/bio_5.asc
NCOLS 360 
NROWS 210 
XLLCORNER -125 
YLLCORNER 20 
CELLSIZE 0.166666666666667 
NODATA_value -32768 
[rows 78 to 116 of 210, columns 88 to 175 of 360]
317 321 323 324 320 315 312 307 308 317 322 325 324 323 323 321 322 318 316 316 323 321 314 314 319 315 310 303 297 302 322 331 334 335 348 354 353 352 349 349 348 347 346 347 350 350 348 346 345 346 347 349 351 353 355 359 359 359 359 360 360 360 360 360 360 360 360 358 358 356 355 355 353 351 351 352 353 354 357 356 356 355 355 354 356 356 352 348
319 323 324 326 321 314 317 316 312 317 316 322 325 324 320 315 318 314 310 318 319 315 306 306 311 308 308 303 298 300 311 310 322 326 331 344 351 347 342 343 349 354 356 354 350 349 349 347 347 347 347 347 350 352 355 356 358 358 359 359 359 360 359 359 358 359 360 360 357 356 356 354 352 352 351 351 352 354 356 357 357 357 356 354 354 355 351 349
326 329 330 329 326 316 321 323 319 319 320 318 316 321 322 315 310 297 307 311 313 311 284 287 279 297 303 303 295 285 302 309 316 322 328 336 344 342 339 341 344 348 354 358 359 356 351 350 350 348 348 348 350 353 356 357 358 358 359 359 358 358 358 357 357 357 359 358 357 354 354 354 353 352 351 352 355 357 358 358 357 358 357 355 352 354 353 349
326 324 328 332 326 323 315 305 316 313 311 316 317 320 325 322 313 297 294 296 306 309 282 248 229 272 300 302 297 278 295 303 310 317 324 329 333 334 335 336 338 342 345 349 352 354 358 358 357 354 352 352 353 355 358 360 359 358 359 358 357 358 355 355 355 357 358 358 356 354 353 353 353 354 354 356 359 361 361 359 358 359 359 358 353 350 352 350
320 320 321 327 333 317 306 302 311 308 307 317 324 325 320 325 318 302 290 260 283 302 293 257 239 276 298 301 296 272 289 303 308 317 325 331 336 339 339 339 341 343 346 349 352 355 358 357 357 358 359 361 361 362 362 363 361 359 358 358 356 357 358 357 356 357 358 358 358 355 354 353 355 358 359 360 361 360 358 355 356 359 359 357 353 351 352 350
290 300 310 322 332 315 300 301 297 312 313 318 321 324 330 327 324 313 298 278 256 264 277 279 258 267 291 295 284 280 287 300 311 318 327 336 341 340 339 340 341 343 347 349 352 357 361 362 363 361 362 366 367 367 364 362 362 361 361 361 359 358 357 357 358 358 358 360 360 358 356 355 358 361 361 361 362 361 359 357 358 359 359 359 355 352 352 351
247 259 273 305 316 314 320 320 300 315 324 317 322 333 327 324 323 300 294 285 267 241 258 274 269 253 270 256 272 296 304 316 321 326 334 342 345 340 341 344 349 351 349 353 357 363 366 365 364 362 364 368 371 368 363 361 360 360 360 361 363 363 361 358 358 358 359 360 360 359 360 360 361 361 361 362 363 362 360 358 359 362 362 359 356 353 353 354
220 222 229 248 264 286 300 313 336 335 325 332 331 330 318 314 317 285 278 270 284 250 252 283 283 265 242 239 272 297 317 329 329 336 340 346 350 348 351 353 354 355 357 360 359 359 361 362 363 364 366 369 372 370 364 362 362 363 365 364 362 361 361 361 360 359 360 360 361 362 363 364 363 363 361 362 362 362 361 359 360 363 361 361 360 358 358 358
261 280 286 292 315 334 329 327 323 322 325 336 333 332 326 322 324 327 318 299 307 245 262 279 276 265 227 223 240 272 309 334 337 343 348 352 352 352 353 354 354 357 360 354 354 358 361 362 362 364 366 369 370 370 366 363 364 364 366 368 366 365 363 361 360 360 360 361 362 363 365 367 365 363 360 361 361 361 361 360 359 361 362 362 364 364 360 361
314 330 341 340 346 360 356 317 321 317 331 334 328 324 330 327 322 314 317 318 314 271 257 258 248 249 221 207 245 279 316 338 344 348 353 355 357 358 357 356 357 359 357 353 356 360 362 362 362 364 366 368 368 368 369 367 367 367 367 368 369 369 369 367 364 361 360 361 362 364 366 367 366 364 362 362 362 362 362 362 363 362 363 364 364 364 364 363
337 351 362 365 368 365 361 356 339 343 347 340 332 309 303 316 301 293 283 281 288 263 260 276 254 245 251 222 231 283 326 342 347 348 352 355 358 359 360 360 359 355 352 354 359 363 364 363 362 363 365 367 369 368 370 371 371 371 372 372 372 372 375 375 372 367 364 363 364 366 365 366 366 366 365 365 366 365 364 364 365 366 365 363 364 366 365 366
335 349 363 373 376 371 366 362 361 354 327 330 332 325 320 305 275 263 241 230 272 263 254 289 286 265 271 234 217 280 331 344 346 347 349 353 354 356 356 358 358 353 350 355 360 364 365 364 362 365 369 371 373 373 373 372 372 372 372 373 373 374 378 379 376 374 371 369 370 371 370 369 370 369 368 368 368 368 367 368 368 369 368 364 365 367 368 368
313 332 359 364 364 362 362 350 344 342 309 326 324 309 304 296 277 241 224 236 284 294 281 269 268 256 236 230 235 270 316 337 344 344 345 348 351 354 351 355 356 352 350 355 359 362 364 364 364 367 368 372 373 370 370 371 372 373 375 375 375 376 376 378 377 376 374 374 375 375 373 372 372 372 372 371 370 371 371 373 373 371 369 365 366 368 366 366
310 334 354 347 350 346 343 338 329 324 304 307 312 305 293 279 268 229 236 294 289 278 269 231 227 240 200 211 247 270 309 336 341 340 340 343 348 351 349 352 351 349 350 355 359 362 363 365 365 367 371 372 370 371 373 373 373 376 378 377 378 378 377 378 380 382 383 383 385 384 381 378 375 376 376 375 375 374 375 377 376 374 370 369 368 367 366 366
274 329 318 322 330 327 325 310 315 313 298 308 295 301 304 338 331 299 281 293 291 279 255 251 219 240 212 197 213 264 294 335 338 336 333 336 341 344 344 348 343 345 349 355 358 362 364 366 368 369 369 370 371 372 372 372 374 377 379 381 380 379 379 380 381 384 385 385 387 388 386 385 384 382 380 378 378 379 380 378 376 372 371 367 367 367 366 367
315 342 316 302 314 315 319 340 354 348 316 328 339 340 291 304 308 271 316 298 257 248 218 220 214 202 214 235 234 277 296 316 329 328 324 327 333 335 338 336 336 342 348 354 358 362 364 363 364 366 368 370 371 372 373 373 375 377 381 384 383 381 379 380 383 386 386 386 387 388 389 388 388 387 384 380 378 380 382 381 376 373 368 367 368 367 366 366
359 367 328 289 306 341 366 373 375 373 358 343 360 337 313 287 272 251 274 253 279 236 216 221 214 210 246 254 238 243 298 283 313 313 312 320 327 329 332 336 339 342 347 353 357 360 361 361 362 366 370 372 374 375 375 374 376 379 383 385 383 381 379 379 381 382 382 382 383 384 386 388 390 390 386 385 382 381 382 381 376 371 371 371 371 368 367 365
375 380 350 330 347 373 381 374 357 354 374 370 315 279 253 239 262 294 249 211 208 216 195 211 233 230 262 263 253 268 273 269 286 300 301 314 319 322 327 335 343 350 349 350 355 358 360 361 364 368 374 378 381 381 379 378 379 380 383 384 383 382 381 381 381 382 383 385 386 386 389 390 392 391 389 386 384 383 383 380 375 371 369 367 368 368 367 366
392 393 383 378 381 385 385 348 314 303 331 367 335 298 329 302 313 297 275 229 231 213 225 203 232 253 262 262 262 266 262 239 287 317 314 322 318 325 334 341 348 354 358 359 362 364 362 362 367 372 379 386 386 385 386 385 384 384 386 387 386 384 382 382 382 382 383 384 385 386 387 388 387 389 387 386 385 385 384 380 375 369 365 365 365 363 365 365
391 394 384 384 382 377 367 357 330 295 308 337 362 367 359 346 320 256 242 245 255 241 222 206 228 290 255 249 257 266 273 228 266 333 333 336 331 335 344 350 350 357 361 364 367 369 365 364 368 373 378 382 383 383 384 385 387 389 391 390 388 386 385 384 385 386 387 387 386 385 385 385 384 383 383 384 383 383 382 379 375 369 367 365 363 365 367 367
379 385 375 369 389 361 296 311 349 319 287 313 335 353 353 316 300 255 256 261 290 262 244 218 222 296 273 255 266 297 308 291 313 339 347 350 346 348 354 360 358 364 362 365 367 370 372 369 369 374 378 380 382 382 382 382 383 386 388 386 385 385 384 384 386 387 389 388 387 386 385 383 382 381 381 381 381 380 378 376 373 371 369 369 368 368 369 369
366 380 380 387 372 356 278 309 353 356 321 293 288 313 338 324 290 280 289 287 272 278 273 254 221 256 265 299 306 312 328 344 345 348 355 360 359 359 363 368 366 370 370 369 370 373 375 374 371 375 378 380 382 382 382 382 382 383 385 385 385 386 387 388 387 388 388 389 390 390 388 386 383 381 379 379 377 377 377 376 375 374 374 372 371 370 369 368
356 367 384 386 359 354 335 337 353 347 354 336 302 280 291 314 261 239 265 264 237 255 239 243 245 253 280 243 293 299 280 326 348 357 364 368 370 369 370 372 372 374 375 373 373 377 378 379 377 378 378 380 382 382 382 383 383 383 384 384 385 386 385 387 388 388 387 388 389 390 390 388 385 383 381 380 379 378 377 377 377 376 374 371 370 370 370 370
365 368 366 365 358 346 338 332 348 345 335 319 306 290 265 275 227 207 229 235 219 235 247 258 273 289 300 259 239 289 253 271 329 350 357 366 370 374 374 373 375 379 381 381 380 381 381 382 384 385 384 383 383 384 384 385 384 382 384 384 384 384 385 387 387 388 388 387 388 390 391 388 386 385 383 383 381 380 378 377 375 374 372 370 372 373 370 371
375 351 331 321 313 308 329 329 322 331 329 299 267 252 247 210 199 199 217 205 209 210 214 246 281 298 302 304 237 266 278 250 311 342 348 354 367 373 373 374 375 376 379 379 378 376 377 379 382 384 385 387 388 387 388 387 385 384 384 383 382 383 385 386 387 388 387 387 388 390 389 389 388 387 385 383 383 381 378 377 374 373 372 375 375 374 372 372
373 342 312 316 328 322 342 338 334 316 300 293 265 240 221 216 204 205 226 240 240 239 254 273 291 297 302 307 297 263 299 310 325 342 342 343 359 368 372 370 372 374 374 374 372 371 372 375 378 382 386 387 388 389 387 386 386 386 385 384 383 383 384 385 386 387 387 388 388 388 388 388 388 388 387 384 382 380 376 376 374 372 371 375 377 373 374 374
367 354 332 344 366 364 368 356 343 332 316 303 272 250 253 250 209 211 230 218 210 235 235 257 285 297 303 308 283 234 265 294 321 333 336 343 354 359 364 367 369 367 367 366 365 367 371 374 378 382 385 388 390 390 388 386 386 386 385 383 382 383 383 383 384 385 386 387 387 387 387 388 388 389 389 388 383 380 377 377 376 373 370 374 375 373 375 376
374 364 348 369 379 379 382 377 361 343 341 324 295 238 278 276 267 253 276 259 256 230 211 225 269 298 305 309 307 296 256 267 277 313 333 343 351 357 364 361 357 355 356 358 361 366 370 374 378 382 385 388 389 389 389 389 387 387 386 386 387 385 383 385 386 386 386 389 390 388 387 386 387 389 390 388 385 382 380 379 377 374 372 375 377 376 376 376
386 369 372 381 383 385 387 383 364 341 336 326 319 305 321 318 315 296 296 300 290 239 211 236 270 295 304 305 305 291 234 240 289 306 319 341 351 354 355 351 344 345 349 355 360 365 370 374 378 381 384 386 388 387 388 389 391 389 387 389 389 391 390 391 392 390 387 389 389 390 390 389 390 389 391 390 387 384 383 382 380 377 376 377 376 376 376 376
379 370 384 381 378 376 375 383 377 369 351 343 337 338 337 330 335 323 316 312 296 270 229 234 260 290 300 305 306 282 225 259 293 308 314 296 329 344 341 339 336 343 352 359 364 367 370 374 379 382 384 385 386 386 387 389 391 392 391 392 393 395 397 396 396 394 392 394 395 393 393 393 393 391 391 391 390 387 385 383 381 377 378 380 378 377 377 376
370 368 377 376 374 367 360 366 379 373 363 354 355 353 351 339 338 336 321 310 304 289 281 236 253 275 298 307 300 253 231 277 286 290 296 302 290 306 319 335 343 352 357 363 368 371 375 377 377 378 381 383 385 387 389 391 391 391 391 391 392 396 396 396 397 398 395 394 395 397 397 397 396 394 393 392 390 390 388 383 380 379 376 378 378 378 379 378
360 369 372 373 370 360 332 341 370 372 372 368 364 366 360 355 342 336 316 310 299 299 304 252 249 273 298 307 289 237 246 282 298 304 315 325 313 307 311 327 338 345 349 355 361 365 369 372 374 377 380 383 387 389 391 392 393 392 391 392 393 394 395 393 396 398 398 399 396 398 397 397 397 395 395 394 392 392 390 385 382 381 377 378 378 378 380 379
332 360 365 367 370 361 335 347 356 366 369 362 356 360 354 349 341 335 319 315 307 314 311 275 260 286 305 318 280 225 258 283 308 325 334 327 307 308 319 327 336 340 345 352 358 364 368 371 373 375 379 382 385 389 391 393 390 387 387 387 389 389 390 391 390 392 393 397 400 396 396 395 392 391 392 392 392 392 389 387 384 384 380 379 380 379 381 380
330 329 338 360 369 355 332 297 338 361 367 362 350 351 341 340 334 335 323 313 305 306 307 296 285 314 318 325 312 261 256 264 318 332 336 332 322 324 328 330 339 344 347 351 358 364 367 369 371 374 377 380 384 387 389 390 387 387 386 387 388 388 388 389 391 392 394 394 397 399 397 395 390 389 386 388 389 390 388 387 385 384 383 382 381 380 381 380
339 331 329 353 366 342 322 303 313 358 366 364 359 354 342 335 327 333 326 317 307 290 319 327 332 336 332 311 280 241 260 282 310 327 334 336 330 329 336 340 343 348 352 356 360 363 365 368 370 373 376 379 383 386 389 387 386 387 388 390 390 390 389 388 386 388 392 394 393 392 393 395 392 387 385 387 387 386 386 385 383 383 384 384 380 379 380 378
345 343 343 356 363 340 320 318 295 335 363 361 358 355 350 343 336 328 327 320 289 262 269 270 316 347 327 288 240 268 290 301 310 323 328 335 332 334 339 348 353 354 358 361 362 364 366 367 369 372 376 378 382 384 385 386 386 387 388 388 387 385 387 384 385 389 390 392 393 390 390 393 393 389 386 386 388 387 385 384 383 384 384 383 379 378 377 376
351 341 329 352 355 333 309 317 308 323 359 357 354 351 347 341 335 338 340 333 310 280 268 265 318 352 324 247 223 279 310 314 313 326 332 341 336 337 344 358 359 354 360 364 364 365 368 367 368 371 374 377 379 381 386 390 390 389 390 392 391 389 388 388 389 389 392 393 392 390 388 389 391 389 388 387 387 387 385 384 382 381 382 382 380 378 377 376
350 341 341 342 341 330 312 324 325 348 346 340 342 344 341 335 339 340 349 346 325 318 292 309 336 335 311 259 249 285 312 320 322 326 332 346 347 348 345 364 362 358 360 362 365 368 371 370 368 369 375 380 383 385 386 384 382 380 383 385 387 387 386 387 390 393 393 394 392 391 388 387 387 389 387 385 386 383 382 382 382 383 383 383 380 377 375 377
353 351 354 347 338 326 317 331 338 338 336 329 319 326 327 333 342 337 341 352 356 357 339 358 353 342 322 304 292 306 322 319 320 324 338 358 363 361 357 364 368 366 366 367 369 372 374 375 375 374 373 381 378 379 379 377 376 377 379 384 385 384 384 388 392 392 393 396 396 390 389 386 385 385 384 383 382 380 379 380 382 383 382 381 380 377 377 377
