kuenm_practice/Projection_variables/cc_rcp85/bio_12.asc
NCOLS 360 
NROWS 210 
XLLCORNER -125 
YLLCORNER 20 
CELLSIZE 0.166666666666667 
NODATA_value -32768 
[rows 38 to 75 of 210, columns 85 to 169 of 360]
282 286 288 287 292 293 303 311 323 329 329 324 326 329 333 328 322 317 307 298 298 296 301 298 308 307 304 308 312 316 315 316 313 321 330 334 336 338 342 345 347 358 359 358 367 376 379 386 396 410 426 432 428 424 423 422 424 424 423 422 423 422 418 415 420 427 434 439 440 440 440 440 440 440 448 464 475 478 472 475 479 482 485 486 488
296 302 308 309 311 315 355 379 381 377 370 352 332 319 313 311 317 315 312 304 307 298 295 292 298 306 304 310 313 318 324 331 329 323 332 336 339 340 346 353 361 366 363 363 375 381 383 386 397 417 435 442 448 448 441 433 436 436 434 431 428 426 422 422 421 428 435 441 441 441 439 438 436 434 438 455 470 476 478 479 480 483 486 488 490
315 320 328 334 335 378 450 466 467 447 438 392 362 342 329 324 320 320 326 315 319 310 309 300 294 301 302 310 313 321 325 333 335 337 334 339 342 352 358 362 367 367 367 366 382 387 382 390 401 425 439 445 448 452 457 449 444 443 441 438 435 428 425 424 425 430 436 441 443 442 443 440 439 439 443 456 470 479 482 482 482 485 488 492 495
358 363 365 356 362 409 462 476 478 439 418 396 390 393 362 340 331 324 325 319 322 318 311 307 305 303 302 305 309 316 323 333 339 339 343 346 351 355 359 357 360 363 361 368 381 381 384 395 402 418 438 443 444 448 450 452 451 448 447 445 437 429 426 424 425 430 437 439 445 443 444 444 445 447 452 464 477 489 490 488 488 490 494 497 503
384 379 383 391 381 383 397 404 423 416 402 400 428 456 404 362 347 336 327 330 329 334 321 318 319 315 314 324 325 326 339 354 364 359 362 364 363 366 371 367 359 359 368 374 387 389 398 408 412 417 424 435 443 446 446 444 444 449 452 449 435 427 425 425 428 431 437 439 444 447 449 452 450 454 462 473 487 499 500 498 497 496 502 504 508
420 439 451 426 401 384 377 378 399 404 395 381 389 388 380 364 351 341 330 340 337 336 329 327 325 326 327 322 332 335 350 363 370 366 370 369 375 374 374 367 359 367 373 382 388 394 401 414 422 427 431 433 438 441 443 437 430 438 446 450 445 437 429 427 428 431 437 443 450 451 453 454 457 462 470 478 493 507 506 502 505 504 507 513 518
509 548 498 440 419 402 409 400 423 423 409 388 381 375 366 357 350 339 339 347 345 345 338 337 347 342 331 325 333 341 352 361 364 369 375 385 381 377 369 358 364 369 377 381 392 404 410 423 428 431 432 436 436 438 433 427 421 429 444 448 447 445 439 434 434 433 437 445 452 453 456 459 464 471 479 487 498 514 510 505 506 509 514 519 530
560 621 564 478 430 425 419 426 450 450 429 413 401 389 382 372 359 346 354 355 363 351 350 349 346 340 329 329 330 338 344 354 367 377 382 379 379 372 361 362 368 375 378 382 396 410 419 434 435 437 439 442 445 443 439 435 426 439 450 451 447 444 441 438 434 435 439 446 451 452 455 460 466 474 481 490 500 512 511 508 509 511 517 524 539
543 550 510 473 447 428 425 464 500 532 506 442 415 401 389 378 367 356 364 368 367 355 347 344 343 341 332 327 328 334 339 355 375 377 372 372 369 360 363 368 371 376 380 385 399 411 419 428 432 434 442 444 443 441 441 438 439 440 446 446 447 443 442 438 434 434 436 442 445 447 449 458 467 476 485 493 499 507 506 508 511 514 519 529 545
573 609 544 479 448 441 436 464 503 553 484 453 433 411 390 380 374 364 372 374 375 364 354 358 349 339 330 324 329 338 354 363 369 365 367 361 354 362 370 373 375 384 388 391 401 413 419 426 433 433 436 438 442 447 450 449 449 446 446 439 448 446 444 439 431 430 433 435 435 436 447 455 466 478 488 494 498 504 503 507 511 513 519 529 544
636 673 612 507 462 444 446 522 580 572 541 497 464 414 389 383 382 373 379 378 375 367 365 358 350 342 334 329 332 346 351 346 343 349 349 348 355 365 371 380 382 390 394 395 402 414 416 423 430 436 445 446 449 449 449 449 447 445 441 431 438 441 439 440 439 441 438 438 435 439 452 459 468 483 495 501 500 504 502 506 506 508 516 526 539
587 640 601 611 574 488 455 573 654 649 544 479 444 420 400 393 389 389 387 389 370 352 354 354 350 352 345 336 344 351 349 342 333 341 347 355 360 365 375 387 390 388 390 393 407 416 420 429 431 439 442 444 447 447 445 443 443 438 430 426 422 430 435 437 440 444 449 451 449 453 462 467 476 493 503 510 508 506 506 504 503 505 514 525 536
508 501 489 490 470 445 429 437 456 459 438 421 408 400 391 392 397 406 408 401 380 359 350 353 351 355 354 348 348 353 346 345 351 355 363 361 365 369 371 385 389 384 387 395 403 417 420 428 434 438 441 443 441 439 438 437 436 432 433 426 428 419 432 438 445 454 461 457 456 463 474 480 487 500 512 514 512 510 507 505 505 509 516 525 537
575 503 457 424 416 410 399 390 381 384 393 390 383 382 395 408 419 424 416 405 386 371 365 361 363 358 361 361 355 356 359 376 370 365 383 382 369 370 368 372 379 378 397 402 409 420 421 425 428 430 433 437 442 440 438 439 438 427 423 418 412 414 429 443 451 458 462 462 462 471 482 492 496 509 518 517 510 509 508 507 505 507 518 528 539
498 594 647 606 478 440 419 390 386 383 386 381 394 418 434 439 431 423 413 406 389 388 379 373 371 371 368 369 376 375 366 374 378 367 385 393 385 385 385 379 375 380 397 409 411 417 421 424 427 432 437 443 445 443 436 431 431 430 420 413 405 404 419 437 447 452 461 463 467 476 491 505 506 516 527 522 514 510 511 508 506 510 521 533 543
547 525 731 735 508 454 463 445 429 428 426 414 416 413 405 415 415 414 409 401 402 420 407 414 398 400 390 401 393 381 383 381 383 381 376 394 396 396 397 386 381 381 400 411 410 418 422 432 434 435 440 446 447 441 436 429 423 426 432 427 407 399 427 441 443 452 461 466 467 479 497 514 510 519 528 526 516 511 508 508 510 517 528 540 546
605 496 602 623 469 427 446 493 468 439 433 437 432 417 400 410 425 434 445 404 425 421 420 434 425 418 405 408 397 395 400 395 389 395 385 388 410 414 412 391 378 383 403 413 418 422 428 434 435 435 444 453 457 451 438 431 433 435 436 435 430 421 431 443 445 454 460 466 474 483 502 513 510 517 522 520 511 506 500 508 522 521 533 544 549
710 488 445 432 440 444 439 445 444 472 457 446 424 414 427 446 458 441 428 408 433 433 440 455 433 426 421 413 423 425 405 407 392 391 380 386 404 410 395 396 388 386 404 413 418 425 429 435 440 442 440 438 438 434 432 427 429 433 435 443 440 439 445 453 451 454 461 469 476 489 500 504 511 516 518 516 509 501 496 517 534 539 536 546 554
653 496 651 576 579 601 523 485 456 441 441 428 432 467 451 463 453 453 437 440 437 447 444 436 441 464 442 414 430 443 415 405 393 383 385 386 399 395 386 407 397 392 405 407 410 424 431 434 439 438 439 441 439 433 429 434 441 447 452 451 450 445 449 456 455 463 469 471 479 491 496 503 513 516 514 512 506 501 508 523 530 546 550 551 560
554 571 802 751 808 658 594 524 488 462 436 404 431 451 462 457 460 467 450 466 449 459 468 465 460 442 426 438 423 441 422 399 383 381 388 389 396 391 396 396 390 424 434 424 421 434 439 432 430 433 434 434 433 435 436 444 451 458 465 465 460 456 454 460 469 476 474 477 480 488 496 502 509 515 514 508 503 506 519 530 532 542 557 557 565
622 710 760 777 830 800 840 683 607 518 393 348 400 508 549 446 458 475 464 472 460 461 490 460 424 418 442 458 437 442 401 388 383 375 386 400 403 401 397 394 406 425 428 430 426 428 424 423 423 422 416 414 418 423 427 435 446 454 458 456 460 461 462 459 473 474 473 475 478 487 495 502 509 516 514 505 499 515 528 538 541 548 563 571 571
579 698 701 749 731 795 827 872 775 585 322 308 312 385 464 396 450 596 497 465 459 461 467 421 402 431 436 462 451 421 397 398 375 372 403 410 404 400 399 408 420 433 444 439 439 431 425 419 422 420 417 416 421 428 435 443 451 462 468 473 477 465 460 463 477 481 480 479 481 491 499 502 508 513 512 505 501 515 534 545 551 557 571 588 589
651 615 572 611 689 755 686 707 761 403 266 275 268 220 241 274 412 627 612 546 498 432 424 400 416 432 438 446 424 409 411 405 382 383 408 408 408 421 417 414 423 437 451 463 461 450 435 423 418 418 417 417 420 426 436 443 452 458 456 453 452 456 458 470 478 481 482 482 486 499 498 498 504 507 508 506 508 517 547 557 563 568 580 602 612
668 684 655 687 649 721 697 623 573 389 319 257 209 195 213 242 287 487 657 655 623 504 419 407 414 433 429 413 404 412 414 407 388 392 412 417 442 443 459 447 442 455 463 463 460 457 444 432 431 419 413 414 418 423 427 437 435 436 441 442 443 444 459 471 481 482 481 481 482 488 490 494 502 506 509 510 517 529 555 569 578 583 593 607 622
654 668 629 637 677 677 689 693 595 485 331 278 254 212 219 222 240 290 397 591 689 635 538 453 412 411 406 407 390 404 417 410 407 394 419 424 440 464 512 489 481 494 514 498 474 457 440 427 434 434 425 420 420 423 428 434 439 449 454 451 450 439 447 468 478 477 477 485 488 486 487 493 500 508 514 518 525 539 561 584 595 595 599 602 617
700 664 617 618 670 605 570 553 455 369 333 292 266 241 216 209 212 251 318 460 635 749 704 509 401 390 387 381 377 394 410 420 426 412 411 410 421 462 510 511 595 645 658 593 513 466 439 425 418 415 412 413 419 433 446 450 455 461 454 456 453 444 443 468 476 476 483 493 497 495 498 501 506 513 523 530 536 547 567 593 604 607 606 596 601
719 683 645 635 639 673 670 555 536 601 417 339 296 268 238 226 214 223 267 327 471 644 708 551 403 372 369 369 359 377 402 422 426 417 396 391 398 422 468 539 622 665 682 652 550 475 451 434 427 426 419 434 439 449 449 451 452 452 449 449 447 450 458 469 471 468 477 481 482 485 493 509 525 528 537 544 552 560 574 594 608 615 613 598 595
698 686 665 647 616 647 659 603 609 497 391 364 322 292 252 233 225 225 270 301 358 499 589 531 374 355 361 356 354 369 397 406 405 401 386 386 383 393 434 513 590 640 623 595 540 476 451 445 439 436 426 443 446 444 437 436 439 444 447 454 459 473 480 481 479 477 476 478 479 484 488 504 540 557 553 558 565 572 581 595 613 624 621 611 610
693 645 616 581 616 661 601 664 684 638 460 399 347 299 281 260 241 243 276 315 336 399 514 481 377 361 355 350 357 374 392 394 391 393 385 373 367 372 392 447 514 589 606 559 516 471 446 437 430 428 434 443 438 441 440 442 447 453 459 468 480 489 492 491 490 491 497 506 500 501 503 518 549 563 564 569 575 579 586 598 614 628 631 626 624
650 607 603 598 608 569 566 504 557 629 539 388 328 298 278 270 273 272 287 321 336 384 470 405 364 355 353 349 361 387 389 391 384 378 364 355 355 365 375 392 440 500 531 519 495 454 441 434 426 435 434 427 429 433 435 442 448 453 465 470 476 484 492 498 505 513 517 522 521 530 537 550 559 571 577 580 582 584 591 604 619 630 639 636 640
513 592 590 548 538 501 414 345 339 465 405 355 381 358 292 293 308 317 331 344 364 431 456 377 357 356 357 370 377 387 389 381 374 370 363 347 350 359 374 380 402 433 462 477 461 449 436 434 437 434 428 433 445 447 447 459 462 467 474 476 485 505 512 518 529 541 554 556 558 564 572 575 580 588 595 596 591 591 595 608 624 635 644 648 649
505 606 607 583 515 498 616 479 297 277 285 288 275 270 271 282 302 335 304 330 403 465 406 369 354 359 366 370 399 389 380 369 364 356 351 353 360 362 369 375 390 405 432 446 442 436 439 441 434 431 442 452 462 461 462 476 475 481 484 487 498 517 525 534 552 572 586 590 594 591 594 597 600 602 605 609 607 601 602 613 629 641 642 649 656
508 527 491 504 466 511 619 639 489 303 261 257 247 240 237 227 227 244 252 267 309 343 339 333 339 354 367 375 393 397 385 371 360 355 362 363 367 371 373 386 398 402 414 424 434 446 444 436 438 453 456 468 475 478 479 482 490 503 500 499 512 519 530 549 568 587 606 615 629 630 617 610 612 611 612 615 619 608 605 611 629 638 641 649 661
515 538 462 420 384 408 520 631 540 464 301 263 252 241 231 221 225 234 245 259 284 301 306 315 332 344 362 374 390 394 391 382 366 358 358 366 382 390 390 398 401 409 416 427 441 445 446 446 454 465 467 469 472 477 483 488 496 501 502 510 514 517 528 544 562 578 599 617 629 634 633 627 610 606 619 622 619 604 596 599 614 634 644 654 675
501 516 438 375 338 313 337 447 556 553 433 298 273 254 238 234 239 241 247 267 297 289 298 314 319 329 338 348 358 366 367 359 363 364 367 383 394 409 409 408 408 405 412 426 433 433 433 447 471 484 488 480 474 480 487 494 502 511 516 512 507 506 522 543 565 580 588 603 615 623 622 616 608 607 610 609 596 579 566 575 601 623 644 659 679
501 508 411 344 299 287 269 295 424 521 528 420 315 280 262 251 285 279 269 292 324 324 314 314 312 312 358 393 365 390 387 365 342 353 364 381 402 423 417 418 429 433 432 440 423 428 447 484 510 509 490 471 471 479 490 503 510 515 517 517 516 518 536 552 564 574 584 600 612 618 620 614 604 601 607 598 575 553 526 529 580 626 651 668 683
495 494 384 301 263 256 258 267 286 365 442 468 381 314 284 278 276 273 267 275 289 286 285 293 301 303 341 410 434 451 426 386 353 355 353 362 389 411 395 404 410 420 429 436 442 463 480 496 510 502 486 476 479 487 500 514 526 532 533 535 539 543 552 566 579 591 596 608 619 623 618 615 612 611 611 601 578 554 509 501 573 638 671 692 700
447 435 406 287 245 246 245 246 256 276 307 337 337 322 303 280 278 279 291 278 270 279 285 287 326 354 358 390 407 459 462 437 398 376 357 357 375 369 365 384 400 401 411 425 439 452 465 477 487 488 478 477 480 491 504 523 540 549 548 546 549 553 567 585 601 612 615 618 622 622 617 613 611 611 612 607 597 585 561 565 607 653 685 710 726
