kuenm_practice/Projection_variables/cc_rcp85/bio_1.asc
NCOLS 360 
NROWS 210 
XLLCORNER -125 
YLLCORNER 20 
CELLSIZE 0.166666666666667 
NODATA_value -32768 
[rows 0 to 38 of 210, columns 0 to 87 of 360]
52.000000000000000 50 44 43 46 42 41 42 39 42 49 54 53 52 52 40 43 32 27 34 28 30 37 38 33 43 41 44 45 48 50 54 55 55 52 51 52 53 53 51 49 47 47 49 50 50 53 51 49 45 42 42 39 40 34 29 30 34 33 29 33 35 38 41 42 41 41 43 47 50 49 49 49 49 48 48 48 47 46 44 41 36 35 38 36 36 35 34
55 56 54 51 52 51 48 49 48 51 48 52 53 55 54 53 44 41 41 37 30 33 37 41 38 36 39 38 42 45 49 50 53 50 51 49 50 50 52 50 49 48 49 51 52 52 54 53 52 50 48 45 42 34 29 27 28 29 29 34 37 38 40 44 46 45 46 48 52 54 54 52 51 50 49 49 49 49 49 47 44 42 41 41 40 39 39 39
52 56 59 55 53 54 54 54 52 52 54 56 53 60 55 50 52 52 45 37 35 21 32 30 27 27 34 37 41 42 44 48 43 44 45 47 50 51 51 51 50 50 50 53 53 55 55 55 55 54 52 47 42 38 34 35 35 37 37 38 40 41 44 47 49 49 50 51 53 55 55 53 52 49 50 50 51 51 51 49 48 45 44 43 42 42 44 44
41 42 51 57 57 54 52 54 55 56 56 58 53 58 57 51 50 50 43 45 42 41 42 32 28 31 32 24 28 34 41 44 42 36 42 46 47 49 51 51 48 49 51 56 54 55 55 56 56 55 53 48 44 45 42 39 37 40 41 43 44 46 49 49 51 54 55 54 56 56 54 53 51 50 50 50 51 52 53 51 50 49 48 47 46 47 48 49
45 47 42 49 54 56 56 56 54 55 57 60 62 63 64 61 61 61 63 58 52 54 42 40 40 29 20 25 33 25 30 34 39 40 45 43 48 49 50 46 44 43 45 48 49 50 52 53 55 54 55 54 52 50 49 48 47 47 48 48 48 49 49 52 54 57 59 59 59 57 55 54 52 51 53 53 53 52 53 53 51 50 49 49 49 49 49 49
56 56 56 58 59 59 58 58 60 59 59 61 62 66 68 67 64 65 66 64 46 46 43 40 32 37 26 29 22 29 29 32 33 30 39 45 47 46 43 41 43 44 47 47 49 50 51 52 54 56 53 50 48 47 49 49 49 48 49 48 50 51 53 55 58 58 60 60 61 60 58 55 53 54 55 57 59 56 55 54 53 51 50 49 49 47 48 47
47 51 55 56 57 57 57 59 59 57 61 64 66 70 67 58 65 61 59 61 59 53 49 45 51 42 42 24 30 24 24 25 24 30 38 49 42 42 41 41 41 45 49 48 50 52 52 55 52 45 44 46 45 45 49 48 46 48 50 52 53 53 55 57 59 60 60 61 61 60 59 58 56 56 57 58 59 58 56 56 55 53 51 50 50 50 49 50
51 55 48 44 36 38 39 50 55 52 57 63 65 68 67 55 59 54 52 57 38 48 55 62 64 40 34 38 36 27 25 26 24 42 32 32 32 33 30 36 41 42 45 46 48 48 51 53 47 50 50 51 52 51 51 50 49 49 50 50 53 53 55 57 59 62 63 63 63 62 62 60 56 56 56 57 57 57 57 57 56 54 53 53 51 50 51 52
53 49 44 42 42 44 48 51 53 53 59 61 59 68 63 43 45 57 44 47 52 42 33 34 45 61 58 32 30 30 28 26 29 25 32 14 17 13 16 19 28 39 44 44 41 46 53 53 54 53 52 50 51 50 50 50 50 51 51 52 54 55 56 58 59 61 63 64 65 64 62 58 56 56 57 56 56 56 56 56 55 55 53 51 52 51 52 53
51 39 40 44 42 45 45 47 52 50 60 62 62 67 69 53 52 54 50 45 51 48 38 34 33 39 42 55 46 25 34 27 17 8 30 13 10 14 19 31 28 29 40 47 50 47 48 52 54 54 52 49 48 48 47 47 47 49 51 52 54 56 58 60 61 62 63 63 63 62 59 58 56 57 59 58 56 56 55 56 56 55 55 53 53 52 53 52
36 44 36 39 41 43 46 51 55 49 55 60 64 65 67 65 60 53 48 45 44 55 52 39 38 31 21 24 39 59 42 22 28 23 14 10 11 14 18 12 29 32 45 42 37 41 47 48 53 52 52 48 46 46 47 48 49 49 52 53 56 57 58 59 60 62 62 61 60 60 59 58 57 57 59 58 58 58 57 57 57 56 55 54 53 54 53 53
36 42 41 41 42 40 39 48 52 42 40 52 54 60 74 70 64 59 48 43 39 41 48 45 35 37 26 19 27 23 44 50 43 23 32 15 23 14 15 17 18 43 36 26 20 26 36 38 39 44 47 45 44 44 45 48 50 50 52 54 55 55 56 56 56 58 58 59 59 59 60 60 59 59 59 60 60 59 59 58 57 56 55 56 55 56 56 55
39 33 28 27 33 35 38 38 49 46 36 49 55 55 69 76 69 63 58 50 40 36 50 45 43 38 32 30 16 13 31 13 28 56 35 19 28 28 25 27 25 48 19 21 17 12 15 22 30 36 41 42 44 45 47 49 50 50 53 53 53 53 53 53 54 55 57 58 59 60 60 61 61 61 62 62 62 62 62 60 58 57 57 57 57 57 56 56
21 21 25 26 26 30 31 34 40 41 35 44 48 46 69 78 63 69 63 59 51 53 41 40 50 45 31 39 30 24 24 6 14 29 53 42 22 15 24 14 8 21 33 11 10 6 1 4 21 29 30 37 44 46 47 47 47 48 49 51 52 51 52 53 54 55 56 57 58 59 60 60 61 61 63 64 64 64 64 62 60 60 58 58 58 58 57 57
30 24 32 32 32 35 32 35 39 43 39 38 46 52 71 77 60 71 72 65 68 57 54 60 59 46 48 54 45 30 21 27 30 29 29 39 40 31 15 14 8 20 20 21 12 -3 -6 1 15 13 17 29 35 36 39 40 44 46 48 52 50 50 54 54 55 56 55 57 57 57 58 60 61 61 62 64 66 66 65 62 60 58 57 55 55 57 56 57
38 28 35 38 39 41 40 39 44 43 42 43 47 57 67 76 71 71 72 72 73 73 69 63 63 51 32 44 50 42 45 35 21 29 44 38 11 45 34 22 16 9 14 15 16 9 -2 0 2 -3 8 24 37 37 35 36 40 41 44 50 53 54 54 56 55 56 56 57 55 58 60 62 62 61 62 63 64 65 64 62 58 56 54 53 55 56 56 57
44 32 36 41 41 42 45 45 45 49 46 44 48 55 65 71 80 75 71 67 69 69 62 59 62 57 38 38 65 38 39 38 32 28 48 29 17 16 41 37 26 21 3 0 7 -4 -5 0 -6 0 6 27 25 26 30 32 33 34 38 46 51 53 55 56 57 56 57 57 57 59 61 61 62 61 61 60 58 57 58 58 57 54 52 53 53 55 56 57
53 46 44 46 46 42 46 51 55 60 64 51 46 50 61 72 81 80 81 72 68 66 65 54 44 55 49 41 57 61 49 44 46 46 51 39 20 33 49 51 45 29 22 14 4 12 -2 7 11 2 16 28 9 12 20 28 29 30 36 41 46 50 54 57 58 59 58 56 57 58 59 61 61 61 61 60 58 57 57 55 53 52 51 50 52 52 55 56
53 53 58 49 40 42 45 49 50 54 60 65 61 63 67 76 74 74 75 78 73 68 63 72 71 71 70 64 63 74 40 38 46 45 47 50 31 38 52 33 20 36 45 29 13 26 17 0 6 23 6 10 -3 3 10 19 23 27 33 40 45 48 53 56 58 57 57 58 58 60 62 63 63 62 61 61 60 58 57 55 54 52 51 51 52 53 56 58
34 48 30 50 39 45 43 46 46 47 49 54 59 64 62 79 73 70 69 71 75 78 76 75 70 66 60 56 49 65 41 56 56 57 53 46 25 50 55 32 25 21 9 42 53 41 26 17 -1 12 3 0 -5 -1 1 8 17 24 32 39 44 50 53 55 57 58 60 60 60 61 62 64 65 63 62 62 62 60 57 56 55 53 52 52 53 54 54 58
28 19 21 46 32 37 35 44 37 33 40 47 41 47 57 73 80 63 70 68 67 67 70 70 69 65 56 53 68 75 60 63 60 53 63 44 37 33 60 44 41 32 10 19 26 55 46 29 28 22 1 2 8 2 5 5 12 23 33 37 42 46 51 55 57 59 61 62 62 62 62 65 66 65 64 60 58 59 60 57 57 55 54 54 55 56 57 60
47 41 39 45 33 40 26 29 37 31 35 38 35 42 49 57 83 66 70 71 71 72 72 71 69 67 63 58 78 60 43 50 52 72 53 48 59 46 38 62 35 32 17 18 26 38 25 56 31 15 29 15 14 16 -3 8 7 7 20 35 41 46 49 54 56 58 62 63 64 64 64 66 66 67 67 64 59 59 61 59 59 58 56 56 56 58 57 59
74 39 20 21 24 46 31 26 36 13 15 24 27 40 35 39 66 74 55 63 73 76 77 76 73 66 60 58 74 77 74 63 73 62 48 64 79 42 23 35 60 34 23 37 23 23 15 23 52 31 33 15 9 15 21 17 24 22 18 36 46 50 53 54 56 61 62 65 67 66 67 68 67 65 63 64 66 65 65 64 63 61 59 58 60 61 60 62
78 48 20 32 29 33 23 10 28 19 14 20 31 40 25 35 40 69 63 49 69 82 68 67 75 68 55 52 80 79 69 75 57 61 51 68 77 53 51 37 66 40 45 23 33 9 21 18 28 50 46 34 22 19 15 16 21 28 26 41 44 48 55 59 61 65 66 67 68 68 69 69 69 68 66 66 68 70 69 68 67 66 65 64 64 63 63 64
90 74 50 59 35 39 25 6 22 32 25 28 46 58 48 37 57 53 79 59 65 87 65 66 84 72 58 65 96 69 55 77 86 94 90 89 71 68 57 52 55 58 42 32 49 18 27 12 21 16 46 56 31 34 27 13 7 21 13 25 24 40 51 58 63 68 70 70 69 71 72 72 72 71 70 72 72 73 73 72 72 70 70 70 70 70 69 71
93 61 52 39 53 32 37 26 45 33 33 33 46 35 28 51 71 74 93 54 71 74 102 89 94 96 97 102 98 78 78 91 75 76 95 88 50 60 69 42 33 59 59 61 39 31 33 35 15 14 10 32 55 36 34 26 18 13 11 16 18 30 47 57 63 66 70 70 70 72 73 73 75 74 73 74 74 74 74 74 74 73 71 71 69 69 72 74
92 74 65 72 79 76 45 32 45 57 55 56 40 45 52 71 29 56 59 71 53 73 88 55 68 65 66 81 88 87 89 76 67 75 86 92 75 88 48 59 38 39 80 44 43 48 34 41 32 27 11 20 40 60 32 39 33 23 12 20 12 22 41 54 62 67 71 73 72 73 70 70 76 73 73 75 75 76 76 75 74 74 74 73 73 73 76 76
86 89 79 87 66 65 43 46 67 30 38 49 70 71 50 44 40 31 34 68 66 82 88 55 62 68 60 76 80 66 69 77 71 83 99 67 78 84 62 60 43 57 86 44 37 32 43 52 59 16 12 12 23 39 59 31 47 21 21 12 25 27 37 53 62 66 71 73 75 74 73 75 76 76 77 78 79 78 78 78 78 78 77 76 77 79 79 76
114 131 93 94 77 76 71 64 72 54 47 58 71 59 75 56 38 53 46 49 95 82 72 84 73 68 70 91 75 81 69 53 67 103 97 81 89 77 78 61 41 64 81 74 48 40 26 43 68 21 15 19 17 33 56 50 38 34 36 21 35 20 27 40 56 59 63 72 76 77 77 78 78 79 80 81 81 81 80 81 81 80 80 81 82 82 81 77
127 126 110 113 90 81 91 90 58 70 57 77 60 38 78 62 46 51 40 58 88 60 51 79 83 84 81 77 76 68 61 56 76 104 64 62 52 48 59 53 50 68 74 61 48 70 40 39 67 34 27 19 19 34 47 68 47 35 21 24 42 26 26 34 50 54 62 73 77 79 80 80 78 81 83 83 82 82 82 83 83 83 83 82 83 85 84 80
127 128 123 114 110 101 98 78 65 69 95 68 49 50 58 86 64 63 73 67 66 90 56 70 72 69 74 63 54 52 62 70 90 109 72 66 45 52 51 41 69 89 64 42 35 73 41 38 76 35 26 23 23 26 49 78 38 25 27 30 48 30 32 44 51 55 61 74 80 81 82 82 82 84 85 85 85 85 85 85 84 85 82 82 84 85 82 77
122 -32768 130 127 120 125 111 86 84 82 82 98 64 78 55 69 89 90 72 69 73 95 67 58 60 72 69 59 62 60 67 102 91 68 62 63 51 71 46 49 70 80 43 37 61 68 39 34 80 51 37 44 28 35 64 83 49 31 47 38 49 42 34 40 57 64 62 72 83 84 85 86 87 87 87 87 87 87 86 86 86 85 83 85 83 77 72 67
114 123 127 121 116 128 112 106 86 96 98 79 85 78 90 80 78 76 112 96 71 94 68 59 60 69 69 71 52 47 60 95 101 51 65 73 70 66 49 65 69 75 46 66 76 59 67 63 71 69 35 39 46 51 73 83 81 47 56 46 48 49 42 52 65 76 79 83 82 83 86 85 88 88 87 87 87 87 87 87 86 85 85 85 83 75 69 63
93 109 122 126 128 130 128 123 106 121 98 99 104 92 110 93 105 92 99 109 92 100 82 58 52 55 76 74 65 62 43 82 105 60 56 76 77 53 64 80 56 89 71 65 89 66 64 45 55 84 36 50 43 44 63 64 64 84 71 60 45 41 41 53 60 69 77 81 83 85 84 85 87 87 87 87 88 88 89 88 87 86 85 86 85 81 74 68
108 107 92 109 115 117 124 124 -32768 -32768 128 128 127 124 122 113 113 101 123 121 77 73 61 60 50 48 62 48 45 60 65 86 109 72 50 73 84 71 64 85 68 64 65 80 87 73 76 50 48 70 73 62 59 53 64 52 59 77 92 73 54 40 46 43 42 43 67 76 80 82 83 82 81 79 80 81 86 90 92 92 90 88 88 88 87 84 78 75
97 98 86 87 96 103 118 122 122 -32768 129 129 127 124 124 124 125 122 110 86 73 66 60 74 51 49 55 37 40 46 34 83 102 93 68 81 87 82 79 90 92 69 75 91 97 78 83 52 55 63 96 79 73 70 60 61 63 59 90 79 48 43 54 57 44 39 55 65 70 75 80 79 77 80 82 84 85 90 93 93 92 91 89 86 85 83 83 81
104 98 103 96 94 92 95 112 119 122 125 127 -32768 123 125 126 116 104 80 69 61 60 53 76 55 42 44 35 31 36 38 71 104 111 80 76 81 84 90 73 90 89 98 102 90 78 77 60 69 59 68 94 77 63 53 72 71 54 82 93 57 47 47 66 53 43 46 45 50 70 71 74 77 80 81 81 83 86 93 91 81 83 80 76 84 86 86 86
106 107 99 95 96 99 101 111 116 118 124 124 121 121 125 120 113 98 67 72 79 67 70 81 56 45 38 42 46 56 41 71 104 117 85 70 74 79 84 61 86 106 98 88 86 93 70 72 84 65 55 92 97 84 73 70 63 64 71 67 84 54 44 54 70 62 50 50 47 62 66 72 78 80 83 84 84 90 94 93 93 90 85 84 86 87 88 88
-32768 109 101 105 102 93 94 101 109 119 124 124 122 120 125 123 118 106 102 109 78 97 73 53 44 42 48 64 77 64 51 86 109 105 83 83 79 88 74 67 88 104 102 94 86 90 89 81 93 67 69 95 74 80 89 66 73 64 79 64 69 64 72 55 59 71 75 50 48 43 64 74 79 81 83 84 86 92 94 95 96 96 92 91 88 88 89 90
