kuenm_practice/Projection_variables/cc_rcp85/bio_5.asc
NCOLS 360 
NROWS 210 
XLLCORNER -125 
YLLCORNER 20 
CELLSIZE 0.166666666666667 
NODATA_value -32768 
[rows 39 to 77 of 210, columns 176 to 263 of 360]
307 304 302 302 301 301 301 300 300 300 301 300 299 298 297 297 296 296 296 295 295 294 292 291 290 290 289 289 287 283 279 276 274 273 273 277 282 283 283 283 279 275 274 270 267 263 259 255 251 246 242 239 237 237 236 237 239 238 241 244 248 251 255 257 259 262 268 270 272 272 272 274 274 274 273 273 273 270 269 270 269 272 274 275 276 278 277 277
309 307 305 304 304 304 305 305 303 302 303 303 301 300 298 296 296 295 296 296 295 295 295 293 291 289 288 289 288 284 278 273 270 269 273 277 279 282 283 282 280 277 274 271 267 264 260 256 252 248 244 241 239 238 238 240 241 238 239 242 246 248 251 254 255 259 263 266 270 271 272 272 273 273 273 273 272 271 269 269 270 272 273 274 275 276 276 276
310 308 307 306 306 306 306 305 303 303 303 303 301 301 300 299 297 296 295 295 295 295 294 295 294 291 288 286 284 278 271 267 266 267 272 275 279 284 284 282 279 276 274 271 268 264 261 257 253 250 247 244 242 241 241 242 243 244 243 244 245 246 250 250 252 256 260 263 265 268 269 270 271 272 273 273 272 270 269 270 270 271 272 273 274 275 275 274
311 310 308 306 306 306 305 301 300 301 301 301 300 299 300 301 299 297 296 296 295 294 295 295 291 288 286 282 277 272 266 262 262 266 273 279 284 284 283 280 279 278 275 272 269 266 262 259 255 252 250 247 245 244 243 244 245 247 249 250 250 252 255 255 256 255 258 260 262 265 267 269 270 273 274 274 272 271 270 271 270 271 271 273 274 275 275 274
310 309 307 305 304 304 304 302 301 301 299 298 298 298 299 299 298 296 295 295 295 294 294 291 287 285 283 280 277 273 272 273 277 281 282 283 284 284 283 283 281 279 277 274 271 268 265 261 259 255 253 251 249 248 247 247 248 249 250 251 253 255 256 257 254 253 256 257 260 263 266 268 271 273 274 274 274 273 272 272 272 272 273 274 275 275 275 274
308 305 305 305 306 306 306 304 303 301 300 297 297 298 299 298 296 294 292 292 292 291 289 286 282 278 278 279 283 286 286 283 283 283 284 284 285 285 285 284 283 281 279 276 274 271 268 265 262 259 257 255 254 253 252 251 252 252 253 255 256 256 257 258 254 253 256 256 259 262 266 268 270 272 273 273 273 272 271 272 273 273 274 275 275 275 275 275
308 306 306 307 307 307 308 306 304 303 301 300 299 300 299 297 295 295 294 294 292 287 283 280 278 278 281 288 291 289 288 286 285 285 286 287 287 287 287 286 285 283 281 278 273 272 270 268 266 264 262 260 259 257 257 256 256 257 257 258 258 258 258 259 259 259 255 256 259 262 265 267 269 270 273 274 272 270 271 272 273 273 274 274 274 274 275 275
306 304 305 307 307 308 307 306 305 304 303 302 303 302 301 299 298 297 297 295 290 284 280 277 277 282 290 292 292 291 289 288 288 288 288 289 290 290 290 290 289 287 283 279 279 278 276 274 271 269 267 266 264 263 262 262 261 261 262 261 261 261 260 260 260 262 259 257 259 262 264 266 268 270 272 273 272 271 271 272 273 274 274 273 274 275 275 275
308 306 307 307 306 306 306 307 306 306 305 303 304 305 304 303 302 301 299 295 289 283 278 275 280 288 292 294 295 294 292 291 291 291 292 292 293 294 294 294 293 287 286 287 286 284 281 279 276 274 273 271 270 269 268 268 267 267 267 266 265 264 262 261 261 261 257 259 260 262 264 266 269 272 273 273 273 272 271 271 272 272 273 273 274 274 275 275
309 308 309 310 310 308 307 308 309 308 307 306 306 305 305 306 305 303 300 296 290 285 282 282 286 293 298 298 296 296 294 294 294 294 295 296 297 297 298 297 293 292 294 294 291 288 285 284 282 279 278 277 276 275 274 273 273 273 273 272 270 268 266 263 262 264 265 265 261 262 266 268 271 275 276 275 273 272 271 270 270 271 272 273 273 275 275 277
312 310 310 311 312 311 311 312 312 312 311 309 309 308 308 309 308 306 304 300 295 292 292 293 296 300 298 296 299 301 299 298 297 298 296 291 296 297 299 298 297 300 299 296 289 284 283 284 285 283 282 282 281 280 278 278 278 279 279 278 275 272 268 265 265 267 269 268 265 265 268 272 275 278 277 275 272 272 269 269 269 270 271 273 273 275 276 279
317 315 314 314 315 315 313 315 317 316 313 312 310 309 310 311 311 311 310 309 307 302 301 301 302 303 300 301 304 304 303 301 296 293 291 292 295 297 299 302 301 301 298 293 289 286 284 285 285 285 286 287 287 284 282 281 281 281 281 281 279 276 273 272 272 274 274 273 272 272 274 276 279 282 279 278 274 272 271 270 270 271 272 273 274 277 281 283
319 317 316 316 318 319 318 318 319 318 315 313 311 310 311 312 314 316 314 312 310 308 310 311 308 305 305 306 304 305 302 296 291 290 290 292 294 297 299 300 300 299 297 294 292 290 289 288 287 286 287 289 291 286 281 281 283 287 289 287 284 282 279 277 277 279 281 281 280 280 280 283 286 289 287 281 276 272 271 272 271 272 273 274 276 278 281 283
320 317 317 318 320 322 322 322 321 319 317 315 313 312 312 313 316 316 314 312 313 315 318 318 313 308 304 302 300 300 298 294 291 291 291 292 294 295 296 298 299 299 297 296 296 295 294 292 290 288 287 289 290 285 281 282 284 290 293 290 287 284 282 281 281 285 286 283 283 283 284 287 289 290 287 281 277 275 275 275 274 275 275 276 277 278 281 281
321 320 320 321 324 326 327 328 325 322 319 316 315 314 315 316 317 317 317 316 316 318 319 318 316 312 307 303 301 300 298 296 295 294 294 294 295 296 298 298 298 297 296 298 299 298 298 296 293 290 288 287 287 283 281 280 282 286 289 289 288 287 285 284 285 287 288 286 286 286 286 288 290 289 286 281 278 278 278 277 276 276 275 275 276 276 278 281
322 322 324 326 327 329 330 331 329 324 320 319 318 318 318 318 319 319 319 319 319 319 318 318 318 315 310 305 303 300 300 298 297 297 296 296 297 298 299 299 298 298 297 300 302 303 302 300 297 292 289 286 284 281 280 279 280 284 287 288 287 287 287 288 289 290 291 291 291 290 290 290 289 287 285 282 279 279 278 275 274 273 272 274 275 277 279 281
325 325 327 328 330 331 331 331 330 325 324 324 323 322 321 320 321 321 321 321 321 321 318 318 318 316 314 310 306 304 302 300 299 298 300 300 301 301 299 298 298 300 300 300 304 307 307 304 300 295 290 285 282 280 280 280 281 284 286 287 286 287 288 290 291 292 293 294 296 296 294 293 291 289 286 283 280 279 278 275 272 270 269 270 271 274 276 279
329 330 329 330 332 333 332 331 330 327 328 330 328 325 323 322 324 324 322 321 322 322 322 321 320 316 318 315 311 307 304 302 300 300 303 305 305 304 300 297 296 297 300 301 306 310 310 308 304 299 293 288 283 281 281 282 283 285 288 289 289 290 291 290 291 295 297 300 303 303 299 295 293 290 287 284 281 279 277 275 272 270 269 268 269 271 274 277
332 332 331 331 333 333 334 332 331 331 332 333 330 328 326 325 325 326 324 323 323 324 325 325 324 323 324 320 315 311 307 304 301 302 305 307 306 303 300 300 299 297 301 306 310 313 314 312 308 303 297 291 286 284 283 285 285 288 291 293 294 295 296 295 297 301 302 304 309 306 301 297 294 291 288 284 281 279 276 273 271 269 266 266 267 269 272 275
334 333 331 331 333 334 335 335 334 333 335 334 333 331 329 328 327 329 328 325 324 326 326 327 328 327 326 325 318 312 308 305 304 306 309 311 310 307 303 301 300 303 307 312 315 316 316 315 313 306 300 293 289 287 286 287 288 291 295 298 299 300 301 303 305 304 304 304 308 307 303 299 295 292 288 285 281 278 275 273 270 267 265 263 264 267 271 275
333 333 332 331 332 334 335 336 334 334 335 334 332 331 330 330 331 333 331 328 327 329 330 329 328 329 327 323 317 313 310 308 307 309 310 312 312 309 307 304 305 308 313 317 316 316 315 316 315 307 300 295 291 289 288 289 291 295 300 303 303 305 306 309 308 306 306 305 308 308 306 302 298 293 289 285 282 278 275 272 269 267 265 264 265 267 271 275
334 333 333 332 333 333 334 334 333 333 333 332 330 329 331 333 333 335 331 329 329 331 334 332 328 327 325 321 317 314 313 311 311 311 312 314 314 313 312 309 308 313 317 318 316 314 313 313 310 305 300 296 292 291 290 290 293 297 304 306 308 309 310 308 307 307 307 307 308 310 308 304 299 295 290 286 283 279 275 273 270 268 266 266 267 269 271 275
335 335 334 333 332 332 333 332 332 332 331 330 329 329 329 333 335 334 331 331 330 333 335 333 329 327 324 321 319 318 317 315 314 315 316 317 317 317 317 315 314 317 319 317 315 313 311 308 304 301 298 295 293 292 292 291 293 299 303 306 309 309 309 308 307 307 308 309 309 309 308 305 300 294 291 288 283 280 277 274 272 270 268 268 268 270 273 276
336 335 335 334 333 332 331 330 331 330 330 329 328 327 328 332 333 332 333 333 331 333 332 330 328 326 323 320 320 321 322 320 319 318 319 320 320 319 320 320 319 320 320 318 315 312 308 302 298 297 295 294 294 294 294 294 295 299 304 305 306 308 308 308 307 307 308 309 310 308 308 306 302 296 293 289 286 282 279 276 274 272 271 271 270 271 273 277
337 336 335 335 334 333 331 329 329 330 331 328 327 328 330 331 329 327 327 329 331 333 330 329 328 328 325 323 323 325 325 324 325 325 324 322 321 320 321 323 322 321 320 318 316 312 305 298 294 292 292 293 294 296 298 300 301 303 305 306 306 306 307 307 308 308 308 309 308 311 310 309 303 298 295 292 289 285 282 279 277 275 275 274 274 273 275 279
336 336 336 336 335 334 332 330 330 331 331 329 328 330 332 330 328 326 326 328 329 329 332 331 331 329 327 325 326 327 326 325 327 328 327 323 320 318 322 324 324 322 319 319 317 311 305 298 290 288 290 292 295 298 301 305 308 309 309 308 304 304 307 310 310 310 309 310 312 312 311 310 307 303 299 296 293 289 285 283 281 279 278 278 277 276 279 282
334 334 334 335 336 337 336 333 332 333 331 329 328 330 334 331 327 325 325 325 325 327 327 332 334 333 331 329 328 327 326 328 329 331 328 324 319 320 322 324 324 323 320 320 316 314 307 300 290 288 289 292 295 299 304 307 310 312 313 312 309 307 309 312 312 312 315 317 316 314 312 312 310 307 304 301 297 293 289 286 284 283 283 282 281 281 282 284
335 335 335 335 335 337 337 334 332 331 330 329 328 329 331 329 326 324 323 322 323 325 326 327 327 329 332 329 329 329 325 327 330 331 328 324 321 323 324 325 324 322 320 319 316 314 309 303 296 291 291 293 296 300 304 307 310 313 315 315 312 312 313 314 314 317 320 320 318 316 314 314 313 312 310 306 301 296 292 290 288 287 286 286 284 284 285 285
336 336 335 335 335 335 334 333 332 331 330 329 328 327 329 328 326 322 321 321 322 326 327 328 330 328 331 326 323 325 327 325 327 328 327 323 323 324 326 326 324 322 321 318 315 313 310 306 300 295 294 294 296 299 303 306 309 312 316 316 314 317 316 317 318 320 321 321 320 318 317 317 318 317 314 310 305 300 296 294 292 291 290 289 287 287 287 287
335 335 336 334 333 333 333 333 333 333 332 330 328 327 329 328 327 324 321 321 321 323 325 327 326 326 329 325 321 325 327 327 327 327 326 323 324 324 326 326 326 324 321 317 314 311 307 303 299 296 294 295 297 299 301 303 307 312 315 316 317 319 319 319 320 321 322 322 322 321 321 321 322 321 318 314 310 304 302 299 296 295 294 293 290 290 290 290
336 336 336 335 332 332 333 334 335 333 332 330 329 329 330 329 328 326 323 322 322 324 327 329 330 329 331 327 324 327 327 330 328 326 325 323 324 324 326 328 329 326 322 317 314 310 303 300 297 296 295 295 297 299 301 303 307 311 315 317 319 321 322 321 321 321 322 322 324 325 326 325 324 324 321 317 314 309 305 303 300 298 297 296 294 293 293 294
339 340 339 337 335 335 335 335 335 334 333 331 330 330 331 331 330 328 326 324 324 325 328 331 328 327 329 331 329 328 331 332 331 328 328 328 325 325 327 329 330 327 323 319 315 311 305 300 298 296 295 296 297 298 301 303 306 310 314 317 319 323 325 324 323 322 322 323 324 325 325 324 324 323 323 320 316 312 309 306 303 302 300 300 298 296 297 297
343 341 340 339 337 339 339 336 335 335 335 333 332 330 330 332 332 331 330 327 325 326 328 329 330 330 332 331 331 330 329 328 327 326 326 325 325 326 327 330 331 329 325 321 319 317 311 302 298 296 295 296 297 298 301 303 305 310 314 317 320 323 325 325 324 324 324 322 321 321 321 321 323 324 323 321 319 315 312 309 304 303 301 300 299 298 299 300
344 342 340 340 339 340 340 339 337 337 336 334 332 331 332 333 334 334 332 330 328 326 326 327 332 334 332 332 328 328 329 327 325 323 325 324 326 325 327 329 330 329 326 324 321 316 309 302 297 296 296 297 298 299 302 303 306 310 314 317 320 323 325 324 324 323 322 321 319 318 318 318 321 322 321 321 320 318 315 311 307 306 304 302 300 298 298 298
344 340 338 340 340 341 341 340 340 338 337 334 333 332 333 335 337 336 334 332 330 329 327 327 331 335 335 334 332 330 332 330 328 326 327 325 327 327 327 328 329 328 328 326 321 314 305 299 297 297 298 299 300 301 302 304 308 311 313 315 319 323 323 324 323 322 320 319 318 317 317 317 319 322 323 323 323 320 318 315 313 311 308 305 301 297 294 295
343 340 338 339 342 341 341 341 342 340 339 336 335 335 335 335 336 336 334 333 332 332 331 330 332 332 332 330 330 334 333 331 328 327 327 327 327 329 329 329 329 329 329 328 322 314 305 299 299 300 301 302 303 304 304 305 306 311 312 314 320 323 324 324 323 322 320 319 318 317 316 317 320 323 325 326 324 322 320 319 319 318 313 307 302 298 294 296
343 342 339 341 343 342 342 343 343 342 340 339 337 336 337 337 335 334 334 334 335 335 335 335 334 335 335 333 331 330 333 332 329 328 327 329 329 329 330 330 329 330 329 327 323 316 309 305 304 304 305 306 307 307 308 307 306 312 315 318 323 326 326 325 323 322 321 320 320 318 318 318 321 325 326 324 324 321 321 322 325 322 315 310 306 302 299 299
344 341 341 342 344 345 345 346 345 343 342 341 339 337 337 338 335 334 334 335 337 339 339 339 338 338 338 336 334 332 331 333 333 330 328 329 330 329 329 330 330 331 329 327 324 319 315 313 311 311 311 311 312 312 313 313 313 316 320 321 325 327 326 324 322 321 321 322 320 318 318 320 325 325 322 318 317 318 320 323 324 322 318 314 309 305 302 301
344 341 342 342 345 347 349 350 348 345 344 342 341 338 336 338 338 336 336 337 338 340 341 341 341 341 340 338 336 336 334 334 333 333 330 329 328 328 329 330 329 330 329 327 326 323 322 319 318 317 316 316 316 317 319 320 321 321 322 323 326 326 325 323 321 320 319 320 320 320 321 323 325 325 319 314 312 315 317 320 322 322 319 315 311 308 305 305
