kuenm_practice/Projection_variables/cc_rcp85/bio_15.asc
NCOLS 360 
NROWS 210 
XLLCORNER -125 
YLLCORNER 20 
CELLSIZE 0.166666666666667 
NODATA_value -32768 
[rows 41 to 81 of 210, columns 0 to 90 of 360]
-32768 394 405 441 442 423 397 355 293 251 167 126 119 94 103 115 144 183 255 322 343 338 319 279 247 213 176 135 112 77 55 48 45 44 44 46 49 53 56 59 61 72 76 78 85 90 98 107 115 116 119 120 132 130 127 125 123 103 93 85 79 72 71 68 62 64 81 86 85 81 75 77 79 75 70 68 65 62 60 60 61 62 64 65 67 69 70 72 72 74 82
-32768 410 428 482 503 489 468 451 416 410 387 323 200 148 135 124 145 170 223 279 347 354 347 316 263 212 183 144 94 66 50 47 43 43 44 45 47 48 52 56 60 68 72 73 77 82 92 108 110 108 119 133 140 142 141 125 122 115 104 89 89 73 63 67 61 64 81 86 85 79 76 79 80 81 72 68 64 62 62 62 63 64 66 69 71 74 74 76 80 79 79
-32768 -32768 455 504 544 551 514 486 462 443 430 367 262 201 168 151 157 181 227 315 351 356 345 338 281 202 156 116 72 56 49 44 41 41 42 44 45 47 51 54 58 62 66 67 69 75 84 93 99 105 126 136 142 144 145 143 124 113 114 89 86 73 54 58 60 62 82 79 85 79 78 81 78 84 74 69 66 63 65 64 66 69 73 74 77 81 87 92 89 85 81
-32768 -32768 -32768 502 531 572 555 523 480 450 430 336 262 238 197 165 167 196 241 311 369 382 367 336 286 213 122 111 69 62 43 40 40 38 37 40 42 45 48 51 55 58 62 63 67 71 82 95 103 107 120 124 130 144 150 147 138 115 103 93 74 71 52 55 58 61 86 73 83 78 74 81 79 80 73 70 69 67 67 66 67 71 75 77 85 100 109 103 94 91 87
-32768 -32768 -32768 480 503 540 576 551 501 447 364 291 259 235 203 176 168 202 296 339 374 384 361 313 277 221 134 82 50 48 41 39 37 34 34 36 39 42 45 49 52 55 59 61 65 72 79 89 99 106 121 141 148 155 156 151 140 126 110 93 68 63 52 55 56 59 81 80 80 75 74 77 81 81 75 71 70 69 69 69 70 74 78 85 93 110 120 115 102 94 93
-32768 -32768 -32768 -32768 469 479 512 537 486 405 331 276 239 212 188 171 166 188 275 342 361 358 315 231 166 150 176 148 97 38 36 37 34 31 30 33 37 41 44 47 50 54 58 61 65 71 79 89 100 115 122 135 145 152 157 151 139 124 108 84 69 72 65 60 57 58 70 77 75 71 75 77 79 82 81 76 71 71 76 74 75 77 86 94 100 108 112 107 102 98 94
-32768 -32768 -32768 -32768 411 398 413 430 406 343 316 273 224 199 181 173 172 213 323 375 363 382 326 285 212 106 67 67 78 38 34 34 33 30 30 32 35 38 41 46 50 54 58 61 67 74 80 88 99 113 125 134 147 151 149 146 134 119 107 94 74 51 56 54 57 58 70 69 67 61 60 65 71 79 77 77 75 70 72 82 83 84 88 100 104 108 113 108 101 96 95
-32768 -32768 -32768 -32768 351 336 354 373 361 328 302 264 215 205 190 187 213 307 402 450 425 390 321 226 193 109 67 43 49 38 33 35 34 32 31 33 35 37 41 46 50 54 57 61 67 74 79 85 92 103 118 129 142 148 144 139 127 112 100 83 80 54 56 56 53 50 56 59 55 56 65 59 62 69 72 76 74 70 73 85 88 86 84 95 106 110 115 111 102 97 94
-32768 -32768 -32768 -32768 -32768 336 354 376 368 357 286 230 206 224 284 298 301 341 403 431 371 370 335 236 139 89 49 42 46 38 33 35 35 33 33 34 35 37 42 46 50 55 59 60 62 69 76 81 91 94 101 117 129 139 138 139 123 106 90 71 67 68 56 56 58 50 58 56 58 60 61 62 68 66 73 73 69 65 63 73 86 87 79 80 93 102 109 108 110 108 99
-32768 -32768 -32768 -32768 -32768 346 380 419 398 376 301 240 220 229 259 315 332 363 364 355 358 360 298 244 139 66 44 38 42 48 37 33 33 33 33 34 36 39 42 48 51 55 59 58 63 67 70 77 80 75 81 97 103 119 132 131 116 99 89 73 65 58 58 64 66 47 54 63 63 63 55 55 57 62 63 69 69 63 60 64 65 84 88 74 79 90 92 93 95 94 92
-32768 -32768 -32768 -32768 -32768 351 397 445 443 419 380 280 230 234 297 356 383 397 376 382 366 351 297 249 111 60 45 37 33 35 38 42 38 33 33 35 38 41 46 55 67 70 74 79 82 75 58 53 52 58 72 76 81 95 112 117 108 96 81 70 62 65 61 65 58 47 60 65 65 65 64 72 66 55 67 76 80 68 75 85 62 65 90 89 79 96 90 88 86 86 86
-32768 -32768 -32768 -32768 -32768 342 374 406 408 364 341 293 231 283 362 423 464 446 422 387 381 347 239 200 131 95 60 44 37 33 33 35 37 36 34 35 39 44 49 56 66 84 99 104 103 90 68 57 55 70 72 70 74 74 87 99 95 87 88 79 63 62 64 66 59 52 64 67 63 62 66 72 62 55 71 73 74 67 82 80 65 64 84 90 87 88 100 107 105 94 90
-32768 -32768 -32768 -32768 -32768 -32768 330 376 419 385 313 273 231 300 368 437 451 444 413 391 323 287 176 147 160 131 80 76 57 47 40 37 38 41 42 42 41 45 47 53 71 113 118 112 102 89 71 60 56 72 65 72 74 77 76 84 88 87 78 67 62 62 64 66 59 60 63 67 64 66 71 70 59 57 64 73 78 72 64 70 65 68 84 88 102 94 95 112 114 97 92
-32768 -32768 -32768 -32768 -32768 -32768 385 410 393 378 319 316 243 240 308 375 452 452 425 371 282 200 165 120 113 107 85 71 59 45 39 36 37 38 38 40 47 57 62 64 97 124 119 106 87 72 72 66 59 56 65 68 73 77 78 97 96 93 82 82 65 62 64 67 63 60 61 62 66 67 61 60 68 61 61 68 61 61 65 71 67 71 78 91 109 100 91 103 104 92 89
-32768 -32768 -32768 -32768 -32768 -32768 393 398 438 430 324 321 235 184 215 331 434 444 412 329 232 169 129 103 81 70 57 51 47 42 39 38 39 39 40 42 46 53 63 87 118 124 112 100 88 76 69 65 71 55 60 67 68 86 85 96 97 93 89 81 73 63 64 63 62 63 62 63 58 55 62 64 62 59 68 73 57 70 74 71 75 79 78 83 107 108 89 85 86 89 91
-32768 -32768 -32768 -32768 -32768 -32768 399 440 443 452 327 216 195 184 186 226 317 391 383 348 235 183 104 70 58 53 49 45 44 42 41 40 40 41 45 49 47 49 83 112 121 115 96 88 75 62 62 63 60 65 70 66 66 91 103 102 101 97 83 76 73 66 64 63 61 62 58 59 55 54 66 65 72 56 60 58 62 87 87 82 86 92 95 98 103 101 87 99 96 98 103
-32768 -32768 -32768 -32768 -32768 -32768 396 416 441 440 293 227 188 186 201 235 306 370 380 373 307 221 114 74 61 51 46 44 45 44 43 42 47 53 57 57 59 76 98 120 110 95 75 90 90 79 53 62 66 75 73 78 77 83 91 89 84 86 86 77 63 61 61 61 57 56 54 63 57 56 62 64 68 55 53 54 62 73 84 78 89 96 99 100 100 88 88 103 101 106 103
-32768 -32768 -32768 -32768 -32768 -32768 407 449 457 414 255 201 183 184 214 267 327 396 373 352 297 185 95 65 52 49 44 47 50 48 49 51 54 63 76 76 81 101 107 102 101 89 58 76 97 107 100 84 77 75 97 88 97 101 101 97 90 88 84 76 70 62 59 56 57 60 50 55 62 58 61 55 58 54 53 60 71 69 79 75 86 92 93 95 86 87 92 95 98 102 103
-32768 -32768 -32768 -32768 -32768 413 435 461 387 297 229 202 179 192 252 343 420 377 365 321 245 153 96 63 58 56 47 45 52 59 61 65 65 71 77 75 70 92 108 105 111 92 57 60 76 95 101 92 79 77 95 94 96 101 101 92 88 89 82 72 63 56 61 58 55 57 48 47 55 59 56 53 55 56 59 64 65 68 76 76 80 88 87 88 86 78 86 87 91 92 98
-32768 -32768 -32768 -32768 -32768 380 445 521 496 364 234 208 191 247 341 392 412 389 349 319 204 125 93 57 60 58 55 43 58 61 59 56 59 51 51 60 72 91 100 106 116 91 47 44 48 61 70 74 76 86 92 95 97 100 99 88 88 84 81 71 66 53 55 55 58 53 51 52 48 57 53 56 56 60 63 62 64 70 73 78 75 84 84 82 85 78 76 73 77 85 92
-32768 -32768 -32768 -32768 -32768 376 387 435 431 313 230 190 195 238 316 368 405 373 340 325 199 106 58 45 46 54 55 43 42 47 54 53 50 50 60 60 68 86 103 94 90 86 60 50 51 61 66 72 83 96 96 98 99 95 93 90 88 85 76 65 58 56 55 55 51 44 54 55 49 52 56 59 60 56 58 60 63 64 65 67 72 82 80 73 76 75 77 75 79 79 86
-32768 -32768 -32768 -32768 -32768 341 381 386 349 274 210 181 187 228 371 393 395 371 334 286 165 85 49 41 53 69 72 64 48 59 60 57 52 61 62 69 74 78 83 83 71 70 67 65 61 58 74 76 89 88 92 97 97 91 90 88 87 82 75 71 66 59 56 54 43 44 40 51 61 52 49 60 56 57 58 55 54 57 59 67 79 84 85 81 79 74 74 71 73 78 81
-32768 -32768 -32768 -32768 -32768 377 414 405 350 262 200 189 221 238 310 355 381 352 327 230 135 70 42 39 45 53 66 73 76 72 71 63 48 53 49 47 55 61 71 88 67 58 59 53 64 60 61 72 77 81 89 94 96 94 88 86 85 81 78 72 71 64 59 55 43 43 51 41 52 57 54 54 61 58 55 56 53 54 54 63 75 85 87 89 88 84 77 68 69 76 73
-32768 -32768 -32768 -32768 -32768 397 398 371 344 268 210 209 277 278 344 359 346 315 290 255 116 59 40 32 36 43 50 63 65 55 53 54 50 52 62 60 62 80 82 82 76 67 56 58 51 53 54 55 57 69 83 91 92 94 89 90 84 83 78 74 66 63 55 48 43 47 52 51 49 45 52 53 53 54 48 46 47 49 52 56 69 76 80 85 88 88 82 74 69 71 76
-32768 -32768 -32768 -32768 -32768 363 361 343 309 251 214 217 231 278 299 306 307 286 256 266 195 78 46 35 33 37 48 51 50 45 45 48 54 52 60 60 57 66 67 69 61 61 52 52 55 45 47 49 49 58 66 84 87 95 92 89 80 80 79 79 72 70 72 55 48 51 41 55 59 48 43 55 47 46 42 42 43 46 49 52 57 63 67 71 84 90 85 78 71 68 72
-32768 -32768 -32768 -32768 -32768 331 341 333 293 265 233 217 228 229 275 293 290 258 239 196 147 84 72 48 43 40 39 45 45 44 46 51 59 58 55 58 56 59 50 56 52 56 57 46 41 40 41 43 45 49 53 63 76 94 100 95 88 83 81 82 78 72 73 70 60 50 51 49 45 46 47 41 46 40 40 40 41 43 46 49 55 63 68 72 85 86 82 74 64 67 72
-32768 -32768 -32768 -32768 309 315 319 308 286 262 231 225 240 278 275 244 254 256 219 141 98 80 124 75 54 40 36 37 45 39 43 48 47 50 49 52 57 55 50 45 49 47 50 45 45 43 41 38 40 43 45 49 67 93 96 95 89 85 82 81 79 76 71 63 62 67 59 53 46 41 46 43 37 38 39 39 40 42 44 49 57 64 67 69 83 80 76 72 66 65 64
-32768 -32768 -32768 -32768 302 308 318 294 265 255 229 260 277 281 287 249 254 256 192 142 91 77 85 63 53 44 40 40 37 39 40 40 38 42 47 46 44 43 46 51 44 46 51 49 49 41 44 35 34 36 37 38 44 70 85 89 90 87 79 79 77 75 72 68 62 56 55 52 46 39 39 38 38 39 40 39 39 41 44 48 55 62 65 65 77 60 72 69 60 59 58
-32768 -32768 -32768 288 290 295 302 293 258 223 213 252 272 263 255 259 243 247 174 124 108 92 66 49 44 41 35 36 37 37 42 38 36 36 40 41 38 38 41 44 40 47 50 46 45 36 38 44 42 32 31 34 39 53 69 84 85 82 77 75 72 70 69 67 61 59 53 50 50 41 39 39 38 38 37 37 38 40 44 48 55 59 62 67 62 58 71 69 63 56 57
-32768 -32768 -32768 288 283 287 296 289 264 191 195 226 247 255 245 230 234 236 201 138 122 104 87 53 47 42 39 35 35 35 38 36 36 35 36 35 34 35 37 39 42 46 39 42 39 37 49 45 56 44 29 30 36 41 47 60 74 77 73 68 66 65 65 60 57 53 48 44 43 39 38 38 37 36 35 35 37 40 47 50 54 58 60 60 64 58 61 57 54 52 57
-32768 -32768 -32768 294 293 283 281 279 240 194 192 208 234 225 226 249 256 251 159 120 105 93 81 63 57 53 49 41 35 31 34 34 37 37 38 37 35 34 38 43 40 36 35 32 37 41 44 45 58 63 39 27 26 29 35 42 50 56 57 54 52 52 50 50 49 47 45 41 37 36 38 39 36 35 35 36 39 44 46 50 53 56 58 57 57 58 61 51 46 46 50
-32768 -32768 334 332 322 298 290 266 236 203 182 184 189 211 226 211 250 260 161 111 96 105 105 75 83 54 48 45 37 32 37 36 35 37 37 38 38 39 45 46 37 40 32 31 32 37 40 42 47 59 54 35 28 25 25 30 36 40 41 40 40 41 41 40 42 42 40 37 34 36 38 38 36 36 37 40 44 48 47 50 51 54 55 56 55 54 57 47 44 44 45
-32768 -32768 335 343 336 317 291 260 226 197 185 184 186 181 189 185 221 175 135 106 99 89 86 76 83 65 48 45 37 37 34 34 33 34 33 34 38 46 60 35 34 33 32 31 32 35 39 44 55 55 53 55 44 32 28 31 37 38 38 38 36 36 38 39 39 39 37 33 33 35 38 39 39 41 42 45 44 49 47 49 50 51 52 53 52 54 54 45 42 41 42
-32768 -32768 -32768 354 345 322 292 256 221 184 166 149 137 136 166 167 198 149 105 94 90 84 80 78 86 87 64 47 42 47 35 35 37 35 32 32 37 43 47 29 30 30 31 32 33 36 38 39 46 50 50 54 53 45 40 37 37 39 38 37 35 35 35 35 36 35 33 33 35 38 40 42 43 47 44 46 45 46 49 48 49 49 50 49 48 52 51 44 40 39 40
-32768 -32768 -32768 366 351 328 301 261 226 191 158 133 105 110 134 159 166 130 95 95 77 72 73 72 76 77 69 62 57 51 38 47 39 35 35 32 32 40 28 29 27 31 33 34 36 38 38 40 48 44 44 48 49 51 44 39 37 38 38 36 34 33 34 34 36 36 36 38 43 44 45 47 47 47 46 47 48 47 49 47 50 45 46 44 44 46 46 45 39 38 38
-32768 -32768 -32768 371 364 347 303 273 248 197 165 140 121 113 143 156 135 114 84 69 62 60 68 70 73 72 71 61 64 57 47 40 40 36 35 32 33 34 28 31 32 44 37 37 44 42 41 41 39 40 39 43 44 46 45 39 38 38 38 38 37 37 37 42 45 45 40 45 48 46 47 47 48 47 47 48 47 49 47 47 51 42 40 39 40 43 44 41 37 37 37
-32768 -32768 -32768 368 371 368 312 290 261 209 181 145 153 155 122 122 107 90 74 61 54 52 57 62 68 69 66 63 67 59 48 44 40 39 38 36 31 35 31 36 49 43 42 32 44 47 44 41 39 39 38 40 42 48 49 42 41 39 38 41 47 39 41 41 46 43 43 46 44 45 45 48 45 45 47 47 47 49 47 48 56 41 37 36 35 39 39 37 35 34 34
-32768 -32768 -32768 -32768 353 375 343 297 239 214 187 159 149 120 107 97 98 74 64 57 50 46 52 56 60 64 65 62 67 62 55 48 43 43 38 33 27 29 31 43 39 42 37 32 40 48 47 41 39 39 38 41 41 47 53 48 47 53 52 50 43 40 40 43 41 39 44 44 45 52 46 43 42 44 46 47 48 50 52 54 55 43 37 33 33 36 35 35 33 33 33
-32768 -32768 -32768 -32768 328 377 345 277 246 241 189 159 131 117 102 101 102 78 64 61 57 53 54 56 59 59 59 59 65 59 55 49 45 41 40 35 31 35 34 37 34 40 34 33 50 48 47 42 39 37 37 37 39 55 47 49 51 61 54 40 42 41 42 40 40 41 39 44 40 39 40 40 41 42 45 46 48 52 55 58 51 47 38 32 32 33 33 32 32 32 32
-32768 -32768 -32768 -32768 -32768 367 331 279 263 227 198 174 123 112 111 126 105 100 85 82 89 66 60 60 59 56 52 54 62 53 53 46 44 41 39 38 36 38 33 31 33 34 31 39 46 43 43 39 38 37 37 38 41 48 54 47 46 45 40 44 40 40 40 37 39 39 35 40 36 37 38 38 39 41 45 45 48 54 62 61 54 53 38 33 35 33 31 31 31 31 31
-32768 -32768 -32768 -32768 -32768 338 329 287 262 235 201 177 145 123 141 138 154 127 113 98 88 76 68 63 60 54 47 51 66 49 50 45 43 37 35 36 37 28 29 35 30 30 30 40 37 36 35 36 41 40 42 46 45 45 50 44 40 45 39 41 41 38 36 37 35 33 31 32 32 33 36 37 38 40 43 49 51 57 73 70 62 59 42 33 35 33 31 30 30 30 31
