kuenm_practice/Projection_variables/cc_rcp85/bio_1.asc
NCOLS 360 
NROWS 210 
XLLCORNER -125 
YLLCORNER 20 
CELLSIZE 0.166666666666667 
NODATA_value -32768 
[rows 78 to 116 of 210, columns 0 to 87 of 360]
-32768 -32768 -32768 -32768 138 129 121 117 94 110 106 106 98 111 118 127 96 99 103 109 112 114 107 106 101 96 97 109 89 101 96 98 95 87 90 95 109 116 115 85 98 91 102 113 98 84 88 98 101 101 100 95 94 83 73 78 79 69 68 70 81 96 99 86 94 103 87 88 88 72 93 116 119 111 104 102 106 106 120 85 60 75 75 68 67 58 60 62
-32768 -32768 -32768 -32768 138 130 121 100 101 129 110 111 110 107 129 129 88 91 100 104 107 115 112 107 102 101 102 108 94 114 95 97 92 92 88 93 105 100 106 102 116 98 113 115 81 85 88 96 101 103 102 100 97 71 80 77 72 56 64 87 84 90 86 92 93 88 96 82 102 112 117 126 124 119 110 111 114 114 124 86 74 68 70 72 66 66 68 72
-32768 -32768 -32768 -32768 -32768 131 119 102 119 108 87 89 123 111 119 134 103 83 92 87 77 105 113 106 102 103 105 106 93 118 96 101 95 93 91 91 95 97 115 127 121 115 124 104 90 98 97 102 103 103 102 100 94 82 71 80 78 77 84 75 88 90 88 100 92 92 107 94 115 118 123 127 129 127 114 126 128 121 107 88 77 59 71 71 64 68 76 80
-32768 -32768 -32768 -32768 -32768 131 129 114 121 126 94 90 105 109 88 112 67 80 94 101 107 111 112 106 105 109 110 106 80 119 98 99 95 102 103 99 100 133 132 111 127 127 127 102 111 115 113 108 97 98 94 88 90 89 80 85 88 79 89 82 83 93 100 95 100 107 118 120 128 130 122 125 132 132 130 126 134 130 86 75 69 59 71 76 68 72 79 83
-32768 -32768 -32768 -32768 -32768 130 128 127 134 112 125 104 80 89 86 91 115 119 108 106 116 114 111 111 106 89 103 105 80 104 94 96 98 100 111 112 126 135 119 105 130 123 121 111 123 111 108 108 89 101 105 96 94 90 91 94 92 90 95 95 88 87 95 89 106 106 119 130 132 131 134 134 135 136 137 131 138 138 107 98 77 71 73 76 74 73 76 82
-32768 -32768 -32768 -32768 -32768 131 127 130 122 100 104 103 79 108 106 118 131 124 127 108 121 126 113 112 103 94 91 94 83 89 112 103 98 99 101 134 131 136 116 127 131 125 124 119 125 112 117 121 111 108 106 104 89 99 94 90 99 98 99 88 92 94 86 97 101 100 130 132 135 133 137 136 133 139 140 141 142 141 115 100 87 83 80 75 74 67 61 64
-32768 -32768 -32768 -32768 137 138 130 120 136 124 105 102 92 131 124 160 154 152 136 114 124 118 111 102 93 91 96 91 98 92 98 109 102 112 130 137 136 134 123 128 129 124 125 120 101 119 125 124 117 114 112 115 108 104 100 103 105 105 91 76 99 101 90 103 111 125 132 128 136 137 138 130 135 137 142 143 142 144 133 85 91 91 82 65 57 48 41 38
-32768 -32768 -32768 -32768 136 136 131 109 125 123 126 131 131 136 144 175 180 175 139 100 93 108 92 89 87 93 88 94 93 99 103 106 117 116 134 128 127 124 114 123 124 129 112 123 99 115 115 120 118 111 120 119 110 117 111 110 107 93 82 96 105 104 101 107 101 127 136 138 138 138 139 137 129 141 141 145 141 140 137 100 84 90 74 51 40 30 23 20
-32768 -32768 -32768 130 134 135 129 123 110 127 123 125 134 125 160 191 194 188 159 111 91 88 84 86 86 95 96 105 111 108 117 133 132 135 120 118 114 110 117 124 121 120 107 118 116 106 113 109 125 116 116 120 115 108 109 112 99 61 101 101 97 89 97 108 97 133 138 138 138 138 139 135 124 138 113 141 118 120 134 83 63 92 81 61 48 40 44 51
-32768 -32768 -32768 127 123 128 140 131 116 117 118 119 130 162 184 191 195 190 170 126 85 84 84 89 92 96 111 116 118 103 117 138 113 132 117 127 125 123 114 123 112 122 128 107 111 117 125 126 104 104 122 121 112 114 101 114 96 90 107 103 101 102 104 109 98 124 135 136 137 138 139 133 126 133 94 128 88 112 126 111 86 96 64 54 64 73 73 87
-32768 -32768 -32768 130 127 128 135 143 131 121 118 111 117 165 182 190 194 190 174 137 104 95 104 103 96 90 94 118 128 126 127 133 133 123 127 118 137 117 122 131 118 119 133 118 119 115 113 122 105 119 120 106 116 114 106 116 89 107 97 95 87 106 98 103 103 111 119 132 136 138 139 140 134 132 113 125 120 121 121 133 92 83 65 64 77 88 95 102
-32768 -32768 -32768 -32768 128 126 137 139 142 132 126 100 97 128 177 189 194 193 181 154 121 90 112 110 114 104 95 91 102 123 121 116 144 127 121 118 134 120 134 130 133 133 121 137 134 118 123 115 117 111 111 113 118 107 113 111 94 106 96 101 85 103 104 95 104 110 105 122 135 138 136 140 138 127 112 118 117 120 131 132 110 91 71 61 64 82 89 99
-32768 -32768 -32768 -32768 -32768 134 136 136 127 139 132 119 107 118 174 186 190 191 188 168 143 118 109 108 115 101 87 93 89 105 113 109 135 139 127 127 130 136 137 139 138 115 143 146 130 126 119 121 115 117 113 102 100 112 114 102 98 100 99 100 94 108 91 88 110 107 84 123 135 137 136 129 134 118 113 101 112 112 129 93 87 82 74 65 63 67 72 82
-32768 -32768 -32768 -32768 -32768 -32768 142 134 130 135 146 137 113 130 169 183 187 188 187 184 173 151 126 114 103 94 102 104 108 104 104 121 118 114 126 131 135 141 141 142 128 145 145 114 119 117 111 115 94 118 103 106 105 114 113 107 97 108 97 97 88 107 92 107 99 89 87 127 128 125 133 120 122 131 130 126 125 115 124 90 83 79 57 62 79 82 82 82
-32768 -32768 -32768 -32768 -32768 -32768 -32768 136 134 135 134 133 111 119 167 180 185 186 186 187 185 171 147 132 123 112 89 90 87 87 107 126 119 121 134 140 143 142 143 139 114 145 97 118 116 103 116 111 105 99 110 115 114 109 105 107 105 106 92 102 97 103 90 116 102 106 126 120 125 130 128 119 129 133 135 135 126 128 124 86 104 90 53 67 104 114 114 96
-32768 -32768 -32768 -32768 -32768 -32768 -32768 133 138 138 142 137 144 117 163 175 183 184 186 188 189 180 157 150 138 126 90 74 81 89 81 121 114 122 132 140 142 144 144 127 129 124 113 95 100 108 119 97 117 114 105 98 112 92 99 111 106 92 97 85 95 100 78 121 86 116 132 121 135 131 111 124 130 133 134 137 111 127 119 87 112 64 55 77 110 119 121 122
-32768 -32768 -32768 -32768 -32768 -32768 -32768 133 139 140 151 151 143 133 151 170 182 183 185 187 190 187 174 155 147 139 110 89 79 85 83 116 125 122 133 134 134 141 139 138 138 123 118 94 104 98 100 95 123 104 100 94 103 105 114 104 94 81 100 89 92 86 78 120 76 105 134 118 129 118 120 129 133 132 134 135 107 110 117 109 85 52 76 104 118 114 114 131
-32768 -32768 -32768 -32768 -32768 -32768 -32768 132 134 142 145 146 158 151 158 164 178 183 186 189 190 188 181 169 163 151 127 101 80 94 91 122 108 106 129 134 134 136 138 121 125 120 117 104 86 92 82 123 105 87 102 83 86 107 99 112 108 82 93 104 82 97 101 109 106 131 132 124 114 122 128 135 130 134 135 137 119 92 114 116 68 57 85 118 123 120 121 133
-32768 -32768 -32768 -32768 -32768 -32768 -32768 136 132 138 141 155 148 149 159 161 170 180 186 188 188 188 186 178 171 161 140 115 80 79 82 123 107 111 125 132 116 143 136 140 149 138 132 99 92 78 91 125 90 98 85 97 91 102 104 116 119 79 102 114 90 90 102 115 71 126 124 126 114 124 133 132 120 134 137 135 89 86 120 101 83 79 109 118 116 114 118 140
-32768 -32768 -32768 -32768 -32768 -32768 -32768 -32768 136 140 142 153 161 148 159 167 171 180 185 186 186 187 187 182 175 168 156 126 99 73 69 107 97 112 118 121 111 137 126 120 127 137 124 109 91 75 85 115 67 98 72 103 99 106 110 111 134 115 110 120 92 89 110 118 95 125 122 116 117 128 135 129 126 126 126 109 82 115 98 73 59 89 120 127 115 114 127 145
-32768 -32768 -32768 -32768 -32768 -32768 -32768 -32768 -32768 138 140 147 159 163 160 167 172 176 185 183 183 185 186 184 178 170 160 128 96 78 69 74 92 99 88 88 108 107 146 127 128 112 115 113 115 104 114 101 94 95 99 104 113 120 112 134 139 103 115 124 99 101 115 112 120 121 107 129 113 131 113 124 126 113 100 88 103 81 71 58 62 90 127 127 134 137 138 139
-32768 -32768 -32768 -32768 -32768 -32768 -32768 -32768 -32768 -32768 140 147 153 159 160 166 168 173 181 180 181 182 183 185 182 172 164 148 118 90 82 66 55 72 66 92 100 82 120 112 117 134 104 122 129 136 122 112 103 92 116 105 133 122 129 143 130 100 126 129 111 110 118 111 107 118 104 122 108 127 112 123 118 95 91 50 93 70 83 75 84 79 126 142 145 147 144 138
-32768 -32768 -32768 -32768 -32768 -32768 -32768 -32768 -32768 -32768 -32768 147 151 155 161 167 168 173 177 178 179 179 181 184 185 178 168 155 133 119 83 61 52 56 86 68 77 81 99 109 114 139 123 126 133 144 118 124 110 114 127 116 139 130 140 134 101 119 131 128 118 121 119 106 107 107 101 110 100 115 123 129 115 113 98 55 99 85 78 69 76 90 121 146 145 143 146 143
-32768 -32768 -32768 -32768 -32768 -32768 -32768 -32768 -32768 -32768 -32768 144 148 152 159 165 167 171 174 177 179 179 180 184 186 177 173 166 149 123 97 76 54 45 55 87 97 86 96 110 113 133 144 126 140 136 128 135 128 126 129 116 126 139 132 97 120 134 134 124 133 134 122 124 115 107 107 104 112 123 128 115 105 100 91 81 80 74 79 54 46 49 104 138 125 104 147 150
-32768 -32768 -32768 -32768 -32768 -32768 -32768 -32768 -32768 -32768 -32768 143 145 150 156 164 163 167 170 176 181 182 184 186 187 184 179 174 163 149 137 105 75 56 38 87 84 88 100 94 93 132 135 138 136 136 141 142 141 140 123 106 122 132 129 133 126 129 138 127 136 142 119 132 127 108 112 120 124 128 129 126 119 108 77 96 65 75 64 68 94 113 127 131 138 114 147 157
-32768 -32768 -32768 -32768 -32768 -32768 -32768 -32768 -32768 -32768 -32768 -32768 -32768 -32768 155 158 165 165 169 173 178 183 185 187 187 187 186 180 168 157 142 111 87 57 32 62 79 79 91 104 62 136 108 114 157 133 134 139 136 137 138 125 122 134 136 148 127 125 140 144 135 143 132 140 124 119 122 123 124 119 127 127 86 62 71 89 74 82 69 101 123 135 142 137 151 156 151 164
-32768 -32768 -32768 -32768 -32768 -32768 -32768 -32768 -32768 -32768 -32768 -32768 -32768 -32768 147 151 161 168 169 168 167 175 184 187 188 188 188 187 179 168 159 132 90 61 74 68 56 79 103 141 51 102 126 125 132 131 142 147 149 134 141 142 135 128 141 137 132 127 154 145 143 131 137 135 126 123 118 121 119 110 121 93 71 56 80 82 76 110 106 98 116 139 149 152 150 171 168 156
-32768 -32768 -32768 -32768 -32768 -32768 -32768 -32768 -32768 -32768 -32768 -32768 -32768 -32768 -32768 147 155 166 172 164 161 165 177 186 188 188 188 187 186 178 173 159 122 105 115 78 49 32 124 154 96 88 138 123 108 142 149 154 146 143 146 142 137 126 149 126 151 146 154 148 148 129 142 133 126 138 130 133 116 92 137 98 103 91 94 88 92 118 124 128 129 130 139 162 164 170 167 153
-32768 -32768 -32768 -32768 -32768 -32768 -32768 -32768 -32768 -32768 -32768 -32768 -32768 -32768 -32768 146 148 154 167 169 161 166 174 185 188 189 188 188 189 187 185 175 164 136 104 67 57 29 58 110 139 114 152 158 163 141 141 172 164 146 141 128 120 143 159 158 149 161 151 169 148 147 159 164 153 166 160 163 148 155 167 152 130 125 121 119 116 129 142 143 148 153 158 139 172 171 167 170
-32768 -32768 -32768 -32768 -32768 -32768 -32768 -32768 -32768 -32768 -32768 -32768 -32768 -32768 -32768 147 147 152 155 161 169 167 172 182 187 188 188 189 189 190 190 187 185 165 124 83 69 36 35 61 157 92 131 173 168 180 159 154 174 173 159 143 148 168 159 154 145 165 172 167 173 174 183 175 181 187 168 170 193 187 164 156 135 128 135 137 133 135 155 159 169 175 177 168 156 159 155 163
-32768 -32768 -32768 -32768 -32768 -32768 -32768 -32768 -32768 -32768 -32768 -32768 -32768 -32768 -32768 -32768 152 154 158 159 165 170 164 172 180 186 188 189 190 191 192 193 192 186 178 150 107 82 57 40 155 107 161 170 142 176 194 141 170 180 173 164 155 174 177 157 168 172 173 162 195 187 190 165 198 206 202 171 176 177 164 157 151 144 157 149 133 124 133 137 172 174 171 164 154 143 143 147
-32768 -32768 -32768 -32768 -32768 -32768 -32768 -32768 -32768 -32768 -32768 -32768 -32768 -32768 -32768 -32768 -32768 -32768 -32768 157 159 159 167 159 165 178 187 189 191 192 193 194 195 194 187 164 116 95 79 32 128 159 149 217 174 154 243 220 188 199 199 195 185 182 182 173 180 174 145 148 198 209 216 212 217 210 172 149 150 164 160 159 153 160 153 133 103 119 131 151 155 146 151 152 150 141 128 135
-32768 -32768 -32768 -32768 -32768 -32768 -32768 -32768 -32768 -32768 -32768 -32768 -32768 -32768 -32768 -32768 -32768 -32768 148 151 156 159 158 157 160 170 180 189 192 193 194 194 194 195 194 185 161 109 55 36 55 162 139 150 160 163 230 234 253 201 207 209 202 192 175 184 188 180 124 142 196 216 221 228 215 164 181 171 150 157 149 150 152 155 153 114 85 104 151 151 132 136 139 140 135 139 134 129
-32768 -32768 -32768 -32768 -32768 -32768 -32768 -32768 -32768 -32768 -32768 -32768 -32768 -32768 -32768 -32768 -32768 -32768 141 140 142 154 163 164 153 151 155 183 192 194 195 194 194 195 197 197 189 130 58 64 55 116 182 146 165 203 164 176 259 217 192 214 208 191 140 131 149 187 178 172 209 212 211 232 218 206 208 162 142 151 135 139 144 149 167 128 83 88 140 136 131 142 141 138 143 138 135 134
-32768 -32768 -32768 -32768 -32768 -32768 -32768 -32768 -32768 -32768 -32768 -32768 -32768 -32768 -32768 -32768 -32768 -32768 146 136 131 145 160 166 163 149 152 172 193 197 197 195 194 195 197 197 187 147 93 97 76 109 163 131 161 199 192 137 244 220 191 214 201 199 179 119 115 168 207 215 216 211 221 233 199 207 216 159 142 155 164 160 168 165 147 151 130 90 130 139 143 148 148 148 149 142 137 131
-32768 -32768 -32768 -32768 -32768 -32768 -32768 -32768 -32768 -32768 -32768 -32768 -32768 -32768 -32768 -32768 -32768 -32768 -32768 148 134 134 149 160 167 161 157 178 192 197 199 197 196 196 198 200 201 173 115 113 89 106 170 155 144 174 225 134 227 236 177 197 208 195 198 181 153 181 210 220 223 233 220 236 223 223 193 162 147 159 177 141 140 139 145 127 142 106 142 140 153 161 158 151 149 142 138 137
-32768 -32768 -32768 -32768 -32768 -32768 -32768 -32768 -32768 -32768 -32768 -32768 -32768 -32768 -32768 -32768 -32768 -32768 -32768 -32768 -32768 138 148 155 162 166 162 162 170 192 197 197 196 197 200 203 204 177 125 118 106 113 168 196 173 175 219 175 212 245 224 206 225 202 199 198 173 173 200 204 222 228 220 219 209 193 159 176 172 163 163 123 132 136 138 136 123 110 105 117 144 168 161 144 141 142 140 138
-32768 -32768 -32768 -32768 -32768 -32768 -32768 -32768 -32768 -32768 -32768 -32768 -32768 -32768 -32768 -32768 -32768 -32768 -32768 -32768 -32768 144 147 148 158 167 170 168 172 184 193 195 196 197 200 204 205 177 131 159 147 147 174 208 206 208 209 209 211 212 240 239 234 215 176 193 204 193 201 210 211 228 220 208 186 196 167 163 176 182 156 129 130 135 139 138 132 124 116 120 147 165 169 156 149 145 146 143
-32768 -32768 -32768 -32768 -32768 -32768 -32768 -32768 -32768 -32768 -32768 -32768 -32768 -32768 -32768 -32768 -32768 -32768 -32768 -32768 -32768 -32768 156 153 151 159 167 169 168 173 185 191 195 197 201 205 207 176 156 157 160 145 185 201 203 213 206 208 192 204 214 213 233 231 204 196 177 207 181 179 199 229 223 204 185 200 196 161 159 160 145 139 129 126 135 136 133 126 116 121 136 157 169 161 157 153 149 143
