kuenm_practice/Projection_variables/cc_rcp85/bio_12.asc
NCOLS 360 
NROWS 210 
XLLCORNER -125 
YLLCORNER 20 
CELLSIZE 0.166666666666667 
NODATA_value -32768 
[rows 114 to 151 of 210, columns 170 to 254 of 360]
926 944 966 986 1001 1026 1045 1069 1097 1127 1145 1162 1184 1209 1207 1211 1214 1225 1241 1246 1244 1226 1218 1197 1228 1259 1269 1271 1265 1267 1282 1289 1290 1296 1295 1304 1324 1341 1347 1352 1358 1371 1389 1405 1418 1430 1445 1455 1463 1465 1474 1480 1483 1484 1479 1467 1462 1452 1416 1384 1362 1389 1460 1516 1533 1517 1518 1538 1595 1587 1592 1581 1514 1481 1466 1427 1377 1350 1311 1305 1306 1271 1266 1255 1402
926 944 970 998 1021 1033 1049 1070 1094 1126 1140 1161 1195 1231 1237 1237 1242 1235 1249 1262 1258 1278 1280 1290 1288 1314 1338 1341 1325 1297 1294 1303 1305 1308 1307 1309 1320 1341 1348 1353 1370 1392 1418 1426 1426 1436 1445 1455 1459 1458 1474 1488 1507 1505 1490 1475 1466 1469 1448 1437 1427 1436 1487 1530 1531 1514 1530 1571 1597 1583 1596 1534 1524 1503 1479 1448 1425 1454 1455 1471 1608 1462 1481 1269 1232
940 958 981 1011 1027 1044 1057 1078 1100 1126 1150 1166 1187 1208 1216 1202 1191 1222 1237 1252 1253 1268 1286 1311 1321 1344 1355 1360 1365 1355 1342 1328 1326 1323 1323 1329 1333 1345 1354 1362 1382 1413 1426 1432 1437 1444 1450 1455 1460 1466 1477 1495 1521 1532 1530 1512 1488 1479 1466 1454 1456 1486 1528 1549 1540 1550 1615 1623 1570 1605 1544 1531 1550 1541 1509 1513 1616 1711 1819 1881 1796 1682 1465 1363 1275
961 976 1000 1024 1040 1054 1069 1091 1112 1130 1139 1153 1165 1167 1142 1119 1140 1173 1202 1223 1247 1256 1276 1297 1331 1363 1380 1387 1378 1368 1372 1354 1346 1341 1340 1346 1349 1358 1367 1377 1400 1425 1436 1442 1449 1449 1464 1477 1484 1494 1499 1512 1533 1551 1545 1538 1532 1516 1506 1500 1499 1516 1550 1566 1592 1651 1646 1605 1606 1543 1520 1540 1553 1558 1565 1714 1724 1718 1673 1696 1678 1895 1845 1736 1446
972 984 1008 1035 1057 1074 1092 1115 1132 1149 1158 1157 1138 1102 1039 1017 1085 1173 1254 1265 1267 1270 1280 1293 1321 1344 1364 1386 1390 1389 1380 1371 1362 1357 1358 1368 1368 1375 1382 1389 1403 1428 1445 1460 1473 1473 1473 1497 1518 1521 1518 1536 1550 1569 1555 1543 1539 1517 1520 1514 1514 1530 1558 1572 1616 1661 1639 1597 1591 1510 1527 1532 1567 1613 1676 1813 1829 1851 1905 1746 1880 1963 2076 1877 1774
976 993 1024 1052 1074 1096 1119 1149 1173 1193 1196 1193 1131 1043 871 926 1084 1209 1260 1275 1287 1295 1330 1314 1321 1333 1353 1363 1373 1383 1386 1381 1371 1370 1377 1394 1391 1395 1398 1402 1418 1437 1459 1480 1499 1510 1507 1516 1527 1534 1536 1551 1560 1560 1535 1533 1535 1530 1514 1518 1521 1536 1567 1626 1638 1615 1558 1587 1502 1514 1535 1547 1631 1674 1684 1665 1726 1877 2046 1920 2117 2177 2014 2005 1745
986 1006 1037 1067 1090 1120 1146 1180 1213 1222 1232 1217 1184 1119 1070 1090 1221 1275 1311 1341 1359 1372 1392 1378 1362 1343 1350 1352 1366 1378 1384 1380 1373 1380 1396 1411 1414 1416 1417 1432 1448 1455 1480 1516 1535 1548 1538 1535 1526 1537 1541 1542 1537 1516 1513 1517 1528 1527 1538 1535 1526 1550 1600 1628 1595 1572 1607 1576 1502 1522 1534 1581 1776 1721 1707 1719 1770 1887 1973 1981 1957 1876 1696 1663 1595
993 1011 1039 1072 1110 1151 1191 1214 1245 1268 1284 1300 1284 1276 1265 1286 1334 1378 1410 1422 1452 1477 1463 1437 1416 1388 1349 1343 1356 1370 1380 1376 1375 1390 1412 1433 1439 1442 1448 1465 1468 1470 1509 1543 1559 1564 1560 1550 1540 1543 1547 1541 1526 1504 1495 1506 1519 1530 1527 1526 1531 1537 1577 1570 1557 1615 1605 1598 1538 1547 1525 1576 1710 1753 1799 1844 1870 1912 1880 1855 1748 1675 1593 1542 1492
995 1010 1038 1070 1129 1182 1225 1241 1267 1303 1338 1357 1375 1374 1409 1423 1460 1457 1458 1471 1484 1507 1494 1465 1438 1412 1372 1355 1356 1367 1377 1375 1384 1404 1425 1449 1467 1466 1475 1495 1498 1511 1531 1549 1568 1569 1561 1553 1539 1540 1554 1562 1559 1548 1527 1533 1541 1536 1522 1516 1522 1520 1539 1537 1592 1606 1615 1584 1538 1544 1506 1533 1641 1738 1800 1782 1772 1787 1752 1706 1577 1542 1488 1431 1406
1005 1018 1042 1069 1122 1178 1216 1240 1275 1312 1344 1377 1392 1426 1473 1525 1560 1545 1539 1530 1519 1511 1494 1472 1443 1422 1399 1377 1366 1367 1375 1377 1396 1419 1436 1455 1470 1480 1490 1506 1517 1527 1549 1575 1574 1562 1557 1526 1539 1550 1570 1585 1591 1593 1594 1577 1568 1548 1540 1547 1554 1532 1516 1553 1574 1579 1576 1523 1522 1500 1501 1507 1609 1653 1689 1690 1669 1664 1624 1549 1495 1479 1431 1377 1356
1006 1035 1053 1077 1108 1151 1188 1227 1259 1292 1331 1368 1406 1436 1454 1494 1532 1540 1539 1529 1513 1489 1471 1475 1442 1427 1415 1399 1372 1373 1384 1396 1412 1428 1442 1458 1469 1485 1496 1507 1521 1541 1558 1573 1579 1568 1549 1511 1537 1563 1582 1605 1621 1626 1632 1609 1595 1592 1587 1575 1560 1534 1539 1550 1548 1563 1527 1520 1499 1484 1475 1488 1552 1578 1598 1609 1585 1551 1515 1482 1443 1424 1396 1354 1331
1016 1050 1073 1091 1111 1145 1186 1209 1241 1268 1302 1336 1366 1391 1418 1440 1471 1487 1505 1493 1475 1455 1452 1459 1452 1434 1426 1415 1391 1392 1402 1416 1425 1432 1447 1466 1480 1494 1505 1515 1527 1546 1564 1570 1561 1553 1549 1523 1530 1556 1589 1613 1628 1632 1632 1618 1597 1586 1571 1553 1555 1547 1547 1533 1535 1539 1536 1534 1517 1485 1462 1461 1489 1518 1543 1540 1524 1477 1450 1434 1408 1372 1359 1338 1319
1009 1049 1073 1094 1117 1145 1177 1204 1227 1254 1280 1304 1334 1362 1380 1397 1418 1445 1459 1463 1455 1442 1430 1438 1450 1448 1442 1437 1433 1425 1423 1428 1432 1433 1453 1481 1497 1507 1513 1522 1539 1550 1558 1549 1544 1542 1542 1529 1526 1553 1586 1616 1631 1630 1633 1612 1594 1574 1556 1544 1546 1578 1541 1510 1521 1544 1561 1570 1543 1533 1512 1487 1471 1470 1488 1482 1469 1437 1414 1389 1378 1363 1340 1330 1314
1000 1038 1074 1102 1123 1150 1177 1200 1225 1248 1268 1291 1317 1337 1339 1342 1359 1404 1437 1450 1442 1431 1426 1430 1449 1458 1465 1464 1464 1463 1447 1440 1438 1437 1457 1494 1507 1513 1517 1518 1534 1542 1549 1542 1545 1545 1535 1529 1527 1537 1578 1616 1632 1635 1636 1612 1591 1568 1550 1528 1570 1555 1530 1512 1511 1553 1588 1577 1568 1555 1517 1482 1445 1433 1437 1431 1415 1400 1383 1363 1351 1356 1346 1338 1332
1010 1049 1085 1108 1126 1148 1168 1187 1206 1230 1262 1290 1303 1306 1300 1290 1305 1354 1408 1434 1433 1425 1420 1423 1440 1460 1477 1491 1489 1488 1469 1454 1447 1444 1456 1484 1501 1507 1504 1507 1544 1556 1558 1561 1558 1549 1530 1534 1536 1532 1568 1604 1630 1624 1622 1620 1595 1579 1552 1537 1553 1552 1524 1514 1525 1556 1581 1591 1572 1535 1502 1453 1435 1413 1403 1395 1380 1374 1360 1343 1337 1355 1343 1340 1336
1015 1051 1083 1100 1118 1139 1155 1165 1181 1210 1244 1271 1287 1292 1282 1260 1277 1324 1381 1416 1423 1412 1405 1408 1422 1449 1476 1497 1499 1501 1484 1468 1458 1449 1451 1472 1494 1503 1502 1514 1557 1568 1561 1559 1560 1549 1532 1535 1531 1528 1561 1591 1611 1600 1592 1606 1604 1597 1578 1556 1564 1546 1545 1546 1588 1615 1596 1587 1575 1521 1476 1456 1434 1416 1410 1392 1366 1361 1342 1335 1328 1333 1339 1346 1346
1015 1041 1071 1090 1112 1139 1158 1160 1170 1198 1230 1250 1266 1275 1276 1267 1280 1313 1356 1386 1404 1407 1395 1395 1423 1448 1472 1494 1511 1508 1494 1480 1470 1461 1461 1478 1502 1514 1511 1529 1557 1569 1572 1569 1565 1552 1539 1522 1515 1518 1535 1566 1575 1566 1557 1578 1599 1609 1596 1581 1561 1561 1565 1606 1628 1619 1594 1594 1557 1504 1479 1464 1437 1422 1417 1391 1369 1351 1337 1320 1313 1322 1326 1324 1326
1006 1031 1059 1078 1109 1136 1151 1153 1164 1183 1206 1231 1253 1277 1281 1281 1293 1315 1343 1360 1392 1408 1404 1407 1428 1452 1471 1492 1516 1511 1500 1494 1490 1480 1477 1485 1506 1518 1521 1533 1549 1561 1574 1572 1567 1558 1549 1523 1510 1515 1522 1541 1550 1541 1540 1562 1586 1602 1603 1587 1559 1567 1605 1618 1608 1617 1590 1571 1532 1502 1485 1469 1439 1431 1416 1393 1365 1339 1333 1318 1303 1312 1306 1311 1303
989 1020 1050 1072 1098 1117 1124 1130 1145 1164 1186 1211 1242 1265 1278 1284 1292 1325 1354 1372 1400 1428 1429 1425 1434 1448 1465 1479 1500 1504 1503 1505 1507 1502 1488 1491 1501 1515 1525 1533 1542 1553 1564 1565 1567 1559 1548 1547 1527 1524 1526 1532 1533 1522 1541 1561 1563 1581 1589 1582 1554 1556 1591 1614 1603 1602 1592 1575 1518 1486 1478 1471 1445 1425 1400 1378 1343 1319 1308 1308 1300 1291 1297 1305 1292
973 1006 1041 1077 1094 1101 1104 1110 1131 1160 1187 1213 1237 1260 1282 1293 1292 1313 1350 1378 1406 1429 1441 1438 1437 1436 1440 1446 1474 1489 1498 1508 1518 1519 1509 1493 1487 1497 1495 1502 1520 1539 1553 1559 1568 1571 1567 1552 1547 1540 1543 1532 1520 1515 1531 1549 1547 1563 1565 1561 1553 1541 1566 1597 1591 1598 1593 1573 1510 1458 1445 1434 1416 1383 1355 1338 1317 1284 1267 1289 1296 1292 1285 1287 1283
958 984 1017 1056 1091 1095 1089 1098 1119 1148 1186 1218 1246 1275 1297 1302 1294 1285 1319 1363 1399 1436 1461 1455 1445 1432 1417 1419 1447 1473 1491 1506 1518 1517 1505 1489 1477 1459 1453 1468 1500 1528 1553 1563 1575 1578 1565 1558 1558 1563 1560 1555 1529 1516 1514 1522 1522 1525 1533 1529 1520 1510 1508 1552 1567 1565 1557 1543 1485 1411 1377 1368 1370 1371 1341 1307 1305 1277 1253 1279 1295 1290 1276 1275 1270
959 972 1003 1038 1076 1087 1091 1106 1129 1157 1186 1217 1244 1271 1296 1305 1301 1286 1304 1350 1398 1443 1481 1478 1471 1452 1431 1430 1446 1468 1488 1502 1515 1510 1494 1492 1469 1439 1416 1452 1502 1542 1572 1579 1580 1566 1558 1556 1585 1586 1587 1565 1549 1535 1520 1508 1496 1465 1455 1476 1467 1445 1462 1503 1515 1516 1502 1482 1428 1357 1309 1320 1354 1352 1323 1297 1291 1275 1262 1273 1284 1280 1270 1257 1261
963 982 1002 1027 1055 1073 1086 1105 1135 1163 1193 1219 1247 1267 1287 1306 1316 1313 1322 1355 1396 1443 1483 1507 1513 1494 1477 1463 1464 1474 1488 1499 1507 1508 1508 1497 1483 1457 1430 1472 1531 1570 1592 1596 1590 1575 1559 1573 1613 1624 1606 1587 1568 1555 1540 1523 1494 1457 1458 1466 1471 1454 1465 1486 1489 1482 1475 1447 1404 1353 1309 1324 1349 1344 1323 1293 1283 1278 1271 1269 1283 1277 1264 1246 1245
960 989 1007 1023 1048 1070 1096 1109 1135 1160 1189 1220 1244 1267 1286 1305 1321 1332 1341 1360 1393 1430 1481 1529 1552 1532 1516 1504 1490 1489 1494 1498 1500 1510 1520 1519 1513 1506 1497 1528 1562 1591 1608 1604 1600 1592 1578 1587 1634 1664 1637 1607 1598 1585 1558 1539 1518 1505 1492 1502 1501 1494 1492 1497 1492 1476 1468 1437 1409 1382 1361 1357 1356 1350 1327 1304 1281 1279 1281 1274 1279 1279 1264 1249 1249
954 987 1009 1027 1049 1080 1101 1109 1138 1160 1186 1219 1249 1270 1293 1311 1324 1344 1361 1373 1393 1425 1475 1528 1545 1544 1544 1541 1522 1514 1514 1512 1509 1532 1537 1543 1544 1556 1560 1572 1598 1616 1611 1610 1607 1598 1604 1604 1639 1656 1650 1638 1630 1622 1588 1566 1565 1548 1546 1556 1557 1539 1522 1504 1484 1475 1461 1451 1432 1416 1399 1387 1381 1359 1332 1312 1291 1289 1293 1290 1280 1284 1279 1272 1276
961 996 1017 1038 1052 1077 1109 1113 1134 1169 1182 1215 1243 1267 1301 1321 1335 1351 1378 1396 1409 1429 1467 1507 1527 1533 1550 1557 1544 1537 1539 1544 1555 1565 1573 1577 1585 1586 1596 1611 1634 1639 1628 1614 1606 1597 1610 1622 1646 1675 1666 1658 1663 1666 1636 1609 1594 1610 1606 1600 1585 1567 1546 1517 1494 1476 1469 1467 1462 1436 1429 1420 1403 1380 1351 1328 1310 1310 1301 1295 1291 1296 1307 1316 1315
958 991 1020 1046 1062 1073 1100 1118 1126 1148 1170 1202 1231 1266 1297 1331 1349 1363 1392 1419 1429 1443 1461 1484 1505 1513 1528 1543 1547 1555 1565 1582 1607 1606 1607 1606 1611 1618 1622 1625 1647 1655 1646 1640 1622 1617 1629 1647 1665 1692 1687 1681 1690 1694 1658 1652 1657 1669 1659 1644 1624 1604 1584 1548 1514 1494 1477 1479 1491 1461 1451 1439 1420 1397 1375 1349 1341 1330 1311 1303 1307 1323 1343 1351 1343
949 977 1009 1043 1065 1072 1092 1113 1130 1144 1164 1191 1222 1259 1297 1331 1360 1379 1405 1428 1450 1468 1481 1484 1483 1498 1501 1535 1556 1571 1584 1607 1623 1623 1626 1635 1639 1641 1655 1659 1659 1678 1677 1661 1651 1648 1656 1678 1691 1714 1713 1706 1704 1708 1693 1710 1706 1706 1707 1680 1662 1643 1624 1583 1542 1494 1467 1475 1492 1476 1465 1450 1435 1420 1405 1387 1380 1352 1328 1320 1322 1338 1360 1369 1362
943 970 998 1032 1056 1068 1088 1106 1130 1151 1166 1189 1230 1266 1301 1336 1370 1394 1415 1444 1466 1489 1505 1514 1511 1524 1535 1556 1573 1585 1600 1622 1646 1657 1661 1667 1669 1668 1678 1692 1690 1690 1696 1693 1683 1678 1682 1700 1709 1729 1730 1724 1719 1724 1739 1739 1735 1732 1729 1700 1685 1667 1645 1607 1559 1496 1477 1481 1493 1485 1479 1467 1457 1446 1437 1430 1410 1381 1353 1337 1335 1349 1374 1387 1382
939 969 998 1031 1054 1070 1090 1109 1137 1166 1189 1213 1251 1289 1323 1352 1397 1424 1434 1459 1485 1519 1544 1558 1574 1577 1574 1583 1587 1593 1614 1652 1671 1680 1684 1700 1709 1706 1706 1724 1726 1701 1711 1710 1711 1719 1724 1725 1736 1745 1751 1743 1738 1759 1768 1761 1753 1748 1738 1722 1705 1689 1672 1636 1591 1548 1522 1511 1509 1505 1498 1485 1478 1473 1474 1464 1435 1411 1381 1358 1341 1357 1394 1416 1411
940 975 999 1032 1060 1082 1103 1126 1155 1190 1225 1259 1293 1325 1345 1377 1412 1438 1454 1480 1509 1539 1571 1600 1607 1604 1597 1595 1592 1596 1615 1643 1661 1680 1708 1743 1751 1744 1736 1758 1753 1712 1711 1720 1732 1746 1750 1752 1765 1751 1751 1746 1749 1780 1772 1767 1758 1766 1741 1720 1706 1707 1709 1691 1641 1598 1569 1550 1539 1533 1520 1505 1500 1513 1513 1492 1468 1445 1418 1387 1365 1380 1414 1435 1436
949 980 1007 1040 1076 1104 1131 1160 1186 1215 1259 1300 1335 1363 1379 1396 1430 1451 1473 1500 1522 1552 1591 1623 1620 1603 1594 1589 1589 1593 1605 1622 1644 1671 1726 1787 1767 1748 1740 1743 1732 1707 1707 1725 1748 1760 1762 1759 1758 1747 1739 1721 1745 1770 1755 1741 1739 1747 1718 1706 1694 1705 1728 1736 1686 1646 1616 1600 1583 1568 1551 1544 1551 1557 1548 1536 1509 1482 1457 1428 1414 1419 1441 1454 1456
967 987 1013 1045 1091 1121 1147 1184 1216 1251 1286 1326 1360 1390 1405 1420 1446 1466 1488 1504 1520 1547 1585 1616 1600 1579 1574 1575 1576 1583 1593 1604 1612 1641 1710 1769 1759 1731 1712 1703 1690 1679 1695 1724 1742 1751 1743 1760 1750 1726 1712 1691 1742 1745 1719 1684 1689 1699 1690 1683 1671 1681 1708 1723 1702 1683 1670 1661 1631 1605 1595 1597 1595 1599 1591 1574 1552 1519 1489 1463 1450 1457 1470 1473 1473
983 998 1019 1045 1089 1119 1154 1198 1238 1282 1313 1343 1375 1401 1419 1435 1460 1484 1496 1496 1497 1518 1555 1581 1574 1550 1550 1556 1559 1569 1579 1588 1593 1619 1674 1724 1733 1706 1681 1659 1649 1647 1661 1686 1705 1705 1692 1715 1716 1697 1683 1669 1700 1688 1665 1627 1642 1652 1662 1658 1640 1644 1672 1692 1699 1703 1695 1694 1666 1628 1628 1623 1629 1645 1631 1601 1584 1549 1522 1496 1479 1476 1477 1475 1479
998 1022 1030 1044 1083 1116 1154 1196 1239 1289 1328 1355 1381 1406 1425 1447 1475 1498 1495 1480 1464 1481 1522 1550 1558 1540 1539 1542 1544 1556 1572 1582 1591 1607 1641 1681 1691 1676 1665 1625 1617 1619 1631 1646 1671 1651 1645 1661 1665 1661 1642 1629 1627 1642 1632 1609 1611 1626 -32768 -32768 -32768 -32768 -32768 1681 1687 1692 1681 1687 1701 1677 1654 1641 1645 1651 1636 1610 1587 1568 1550 1523 1497 1472 1462 1460 1474
1010 1030 1034 1040 1070 1112 1149 1190 1233 1282 1328 1359 1377 1396 1422 1448 1470 1489 1487 1472 1455 1468 1501 1530 1547 1547 1550 1552 1549 1557 1575 1591 1602 1609 1630 1663 1667 1655 1622 1603 1576 1600 1613 1613 1620 -32768 1612 -32768 -32768 -32768 -32768 -32768 -32768 -32768 -32768 -32768 -32768 -32768 -32768 -32768 -32768 -32768 -32768 -32768 -32768 1652 1608 1649 1715 1699 1660 1642 1638 1636 1627 1609 1588 1576 1564 1535 1496 1441 1404 1417 1450
1013 1030 1030 1030 1050 1097 1145 1178 1223 1277 1312 1332 1346 1368 1395 1422 1445 1466 1474 1477 1466 1472 1492 1515 1535 1549 1563 1570 1566 1574 1594 1612 1625 1639 1663 1682 1677 1660 1633 1623 1614 1624 1609 1601 1595 -32768 1583 1589 -32768 -32768 -32768 -32768 -32768 -32768 -32768 -32768 -32768 -32768 -32768 -32768 -32768 -32768 -32768 -32768 -32768 -32768 1580 1617 1646 1647 1630 1619 1619 1617 -32768 -32768 -32768 1568 1552 1526 1450 1328 1285 1349 1425
1018 1033 1030 1030 1049 1086 1121 1135 1198 1247 1265 1286 1293 1319 1350 1381 1409 1437 1459 1470 1469 1473 1487 1506 1525 1543 1563 1571 1577 1587 1612 1631 1651 1667 1684 1698 1683 1670 1648 1635 1634 1628 1605 1588 1576 -32768 1560 -32768 -32768 -32768 -32768 -32768 -32768 -32768 -32768 -32768 -32768 -32768 -32768 -32768 -32768 -32768 -32768 -32768 -32768 -32768 -32768 1563 1583 1581 1587 1592 1593 -32768 -32768 -32768 -32768 -32768 1522 1497 1385 1093 1105 1281 1409
