kuenm_practice/Projection_variables/cc_rcp85/bio_1.asc
NCOLS 360 
NROWS 210 
XLLCORNER -125 
YLLCORNER 20 
CELLSIZE 0.166666666666667 
NODATA_value -32768 
[rows 156 to 194 of 210, columns 88 to 175 of 360]
258 257 251 256 247 240 238 227 206 221 194 181 155 159 159 160 158 165 155 159 158 160 154 174 192 194 211 211 210 214 214 214 215 217 214 207 196 199 209 216 227 235 240 226 230 225 191 208 208 204 221 223 231 233 238 239 240 240 240 238 238 238 237 237 237 237 237 235 236 236 235 235 235 233 234 234 234 234 234 234 234 233 232 231 230 230 230 229
257 253 257 257 260 232 226 221 197 208 186 179 148 173 173 162 160 153 162 169 169 159 158 169 188 205 210 216 215 215 209 204 211 213 213 208 200 201 207 203 209 227 232 232 224 223 211 215 220 212 228 228 229 235 239 241 241 242 242 241 241 242 242 241 239 239 239 238 237 237 237 238 237 235 234 236 237 236 236 236 235 235 234 233 232 232 232 232
262 256 261 249 265 242 219 218 195 202 178 181 155 156 172 158 161 164 161 160 174 170 173 167 187 203 201 213 220 219 206 204 205 204 203 208 207 207 207 204 197 215 227 230 228 223 200 206 208 231 235 234 232 230 237 240 242 243 243 244 243 243 244 245 244 242 241 240 239 239 239 239 239 238 236 237 238 238 237 237 236 235 235 234 234 234 234 233
262 257 263 255 263 244 237 209 191 201 190 178 163 153 160 165 157 168 169 161 172 173 171 185 188 183 203 212 220 220 214 207 199 199 200 204 203 207 209 207 210 216 222 215 228 228 201 208 205 208 231 239 239 235 236 239 242 244 245 245 245 244 245 246 246 245 244 242 240 240 240 241 241 240 238 239 239 239 238 237 236 236 236 236 235 -32768 -32768 -32768
263 262 266 259 257 251 245 203 197 190 206 189 160 148 150 145 143 163 156 165 168 176 187 189 198 192 207 212 216 220 213 211 209 198 199 204 201 202 211 209 210 211 223 197 219 217 213 204 209 207 225 235 241 240 238 238 240 243 245 247 248 247 246 248 247 246 246 245 242 242 242 241 240 241 241 240 240 239 239 238 237 236 236 236 -32768 -32768 -32768 -32768
263 265 267 265 258 249 241 211 205 217 217 213 171 154 144 141 140 146 151 159 165 176 182 193 200 198 205 216 219 218 214 213 207 205 208 209 210 213 214 212 213 215 223 206 206 211 210 209 211 218 230 243 244 243 241 239 236 238 244 247 248 249 249 248 247 247 247 246 245 244 241 239 241 242 243 242 241 240 240 240 238 237 -32768 -32768 -32768 -32768 -32768 -32768
258 265 270 267 256 249 241 228 218 238 215 213 179 168 152 139 139 138 148 164 164 187 188 195 199 205 208 211 213 213 214 211 210 208 208 206 204 211 215 206 209 219 223 220 216 209 215 208 209 216 207 233 245 245 242 243 241 237 244 247 248 250 252 250 250 249 249 247 245 243 240 240 242 243 244 244 242 241 242 241 240 -32768 -32768 -32768 -32768 -32768 -32768 -32768
263 272 273 266 258 251 252 240 237 233 193 198 189 184 161 141 143 145 152 166 155 175 189 188 201 201 200 204 208 209 209 212 209 211 206 207 205 207 208 211 206 216 221 221 220 203 208 214 207 210 218 226 227 240 245 247 248 248 248 248 248 250 253 254 253 251 250 248 245 242 241 242 244 246 246 245 244 244 245 244 -32768 -32768 -32768 -32768 -32768 -32768 -32768 -32768
273 275 277 269 262 262 264 249 255 230 219 230 189 165 165 166 149 152 162 168 174 185 191 193 200 199 203 207 208 210 211 213 211 210 202 206 209 210 202 211 206 210 213 215 218 196 196 214 207 210 220 235 234 243 247 249 252 253 250 247 247 249 252 257 258 256 252 249 243 242 243 244 246 247 247 246 245 245 245 -32768 -32768 -32768 -32768 -32768 -32768 -32768 -32768 -32768
273 275 276 273 271 269 269 264 262 244 234 235 208 186 168 181 168 166 161 161 172 190 182 200 206 205 204 205 206 208 209 210 212 205 207 203 208 203 210 207 205 211 215 216 218 204 191 215 220 217 208 231 240 242 250 252 253 253 250 248 246 250 252 258 262 259 255 250 244 244 245 246 247 248 248 247 246 245 245 -32768 -32768 -32768 -32768 -32768 -32768 -32768 -32768 -32768
270 272 272 271 271 273 272 270 267 238 212 235 204 180 209 198 163 165 170 169 171 183 171 201 205 201 206 201 204 206 208 210 212 208 206 207 204 193 207 198 204 211 218 218 218 210 199 216 227 209 206 233 245 247 249 247 249 253 252 251 249 250 254 258 261 260 256 251 246 246 247 248 249 249 249 248 246 246 -32768 -32768 -32768 -32768 -32768 -32768 -32768 -32768 -32768 -32768
269 269 268 266 268 272 268 259 257 242 228 238 225 206 229 205 180 170 164 166 169 177 173 201 204 194 199 198 204 206 207 210 213 211 205 209 202 205 211 211 214 219 213 220 217 211 193 194 217 220 217 237 246 248 249 237 235 245 255 253 252 253 255 258 260 259 255 253 248 247 248 249 250 250 249 248 246 246 -32768 -32768 -32768 -32768 -32768 -32768 -32768 -32768 -32768 -32768
-32768 -32768 263 261 261 267 266 257 258 256 258 260 260 250 257 246 216 171 164 160 163 170 175 199 199 187 191 198 203 205 207 210 210 212 211 212 213 214 215 214 218 220 209 222 218 219 217 217 230 237 238 228 238 240 235 243 235 235 254 238 250 255 258 258 258 257 256 253 250 248 249 250 250 250 249 248 246 245 -32768 -32768 -32768 -32768 -32768 -32768 -32768 -32768 -32768 -32768
-32768 -32768 260 260 260 264 266 264 264 263 266 269 260 231 217 238 233 200 166 169 167 167 173 185 192 181 175 191 202 205 207 207 208 211 211 215 217 216 218 218 218 219 217 210 212 210 215 211 217 223 234 212 224 227 207 224 236 241 241 241 247 252 257 258 258 257 256 254 253 251 251 251 251 251 250 248 246 245 244 -32768 -32768 -32768 -32768 -32768 -32768 -32768 -32768 -32768
-32768 -32768 -32768 -32768 -32768 264 265 265 261 265 268 266 254 246 212 195 222 193 192 185 186 169 154 156 176 163 180 191 198 201 206 206 208 211 214 218 221 220 221 220 217 220 218 217 206 224 232 236 232 225 220 213 213 220 224 224 233 242 237 240 243 255 257 258 257 255 256 255 255 254 252 251 252 252 251 249 246 245 244 -32768 -32768 -32768 -32768 -32768 -32768 -32768 -32768 -32768
-32768 -32768 -32768 -32768 -32768 -32768 265 266 261 265 267 263 253 240 221 227 202 198 178 189 170 178 157 146 167 150 157 187 198 201 202 203 208 214 215 220 223 224 225 225 220 225 214 228 218 237 234 222 212 221 228 204 199 217 223 234 237 239 229 238 240 253 256 256 256 257 257 259 260 259 255 253 253 253 252 251 248 247 246 -32768 -32768 -32768 -32768 -32768 -32768 -32768 -32768 -32768
-32768 -32768 -32768 -32768 -32768 -32768 264 266 265 266 264 257 260 231 235 254 219 213 198 181 175 165 146 145 151 156 165 188 196 196 195 199 207 213 218 222 224 227 228 229 225 229 218 228 209 239 231 216 210 210 221 226 219 219 215 230 231 230 231 228 231 240 240 251 255 258 258 260 263 263 260 257 256 255 253 252 251 249 249 -32768 -32768 -32768 -32768 -32768 -32768 -32768 -32768 -32768
-32768 -32768 -32768 -32768 -32768 263 264 263 265 265 260 261 264 254 254 246 248 223 230 182 161 158 153 141 138 149 174 184 200 197 194 195 203 210 216 221 224 227 230 231 233 233 232 234 231 229 230 225 226 216 212 221 203 219 230 227 226 226 225 236 246 239 222 243 254 258 260 262 262 262 260 258 257 256 254 254 253 252 251 250 -32768 -32768 -32768 -32768 -32768 -32768 -32768 -32768
-32768 -32768 -32768 -32768 -32768 263 264 265 266 267 267 270 271 269 265 253 220 251 239 197 164 159 159 144 142 145 174 174 192 205 200 200 198 210 215 219 222 225 230 232 235 236 236 236 237 237 235 236 236 231 228 218 200 218 229 232 232 231 226 232 250 249 241 247 255 258 260 261 260 259 259 257 257 257 255 255 254 253 252 251 -32768 -32768 -32768 -32768 -32768 -32768 -32768 -32768
-32768 -32768 -32768 -32768 -32768 263 264 265 267 268 269 271 272 268 264 258 224 229 244 204 180 170 171 164 156 154 172 180 171 194 207 213 204 207 209 218 224 222 224 225 236 237 237 238 239 240 241 240 239 237 235 231 223 224 223 225 218 218 226 236 248 251 253 251 257 257 259 259 259 255 257 257 257 257 256 255 255 254 253 252 -32768 -32768 -32768 -32768 -32768 -32768 -32768 -32768
-32768 -32768 -32768 -32768 -32768 263 264 265 266 268 269 271 271 270 266 265 258 238 239 207 161 192 197 162 155 165 152 171 164 196 207 215 220 206 214 220 227 216 211 234 235 239 239 238 239 235 238 235 234 234 233 231 229 229 216 212 209 192 176 209 227 248 253 255 255 257 258 258 260 257 257 257 258 257 256 255 255 254 253 -32768 -32768 -32768 -32768 -32768 -32768 -32768 -32768 -32768
-32768 -32768 -32768 -32768 -32768 -32768 -32768 265 266 268 269 270 270 269 267 264 262 257 254 226 190 208 215 185 154 154 168 180 150 189 207 208 216 222 222 225 236 232 224 231 233 237 238 238 239 243 238 216 214 220 221 226 226 225 217 210 200 176 151 163 199 240 251 253 255 256 257 259 261 260 258 256 258 258 256 255 255 254 254 -32768 -32768 -32768 -32768 -32768 -32768 -32768 -32768 -32768
-32768 -32768 -32768 -32768 -32768 -32768 -32768 -32768 -32768 -32768 269 269 270 269 266 267 264 268 259 249 240 222 187 182 167 156 156 175 185 191 188 180 192 209 233 225 235 237 238 236 235 230 224 226 226 233 239 241 238 224 214 209 202 200 213 209 174 188 166 145 174 220 247 250 253 254 257 259 259 260 259 255 257 258 257 256 255 255 -32768 -32768 -32768 -32768 -32768 -32768 -32768 -32768 -32768 -32768
-32768 -32768 -32768 -32768 -32768 -32768 -32768 -32768 -32768 -32768 -32768 -32768 270 271 270 271 269 270 266 255 257 247 219 164 158 147 148 149 162 195 182 175 180 196 229 234 233 225 232 233 229 231 221 225 227 225 234 230 235 228 229 223 205 201 203 205 198 201 188 159 169 208 235 245 249 252 256 258 259 260 260 259 256 258 258 257 256 255 -32768 -32768 -32768 -32768 -32768 -32768 -32768 -32768 -32768 -32768
-32768 -32768 -32768 -32768 -32768 -32768 -32768 -32768 -32768 -32768 -32768 -32768 270 271 273 274 274 275 273 272 266 244 199 220 203 176 143 154 152 181 168 187 190 192 221 230 225 228 225 230 230 232 233 225 231 230 230 228 223 226 225 219 221 219 216 216 200 202 194 185 156 199 213 243 250 253 255 253 255 255 255 256 257 258 258 258 256 -32768 -32768 -32768 -32768 -32768 -32768 -32768 -32768 -32768 -32768 -32768
-32768 -32768 -32768 -32768 -32768 -32768 -32768 -32768 -32768 -32768 -32768 -32768 -32768 272 273 275 276 277 275 275 269 264 245 249 196 195 157 161 152 166 171 165 184 192 214 221 202 217 215 215 213 220 232 234 236 235 236 231 217 213 225 215 203 221 216 213 214 195 195 188 185 195 200 228 247 252 253 242 240 241 248 252 257 259 259 258 257 -32768 -32768 -32768 -32768 -32768 -32768 -32768 -32768 -32768 -32768 -32768
251 -32768 -32768 -32768 -32768 -32768 -32768 -32768 -32768 -32768 -32768 -32768 -32768 271 273 274 276 276 276 276 275 274 254 245 224 200 182 166 155 157 174 148 172 202 196 201 181 199 209 201 206 219 221 226 228 236 233 232 219 208 217 217 197 195 217 187 207 203 193 195 193 177 191 220 244 249 252 234 241 237 247 256 257 257 260 259 258 -32768 -32768 -32768 -32768 -32768 -32768 -32768 -32768 -32768 -32768 -32768
255 -32768 254 -32768 -32768 -32768 -32768 -32768 -32768 -32768 -32768 -32768 -32768 -32768 -32768 274 275 276 275 276 274 269 261 226 185 165 144 150 147 148 158 154 155 202 204 199 195 201 195 192 201 212 209 213 225 228 220 222 223 212 207 208 206 206 210 200 203 209 206 198 195 181 171 203 235 250 255 255 253 249 254 257 256 258 260 260 -32768 -32768 -32768 -32768 -32768 -32768 -32768 -32768 -32768 -32768 -32768 -32768
253 248 245 256 -32768 -32768 -32768 -32768 -32768 -32768 -32768 -32768 -32768 -32768 -32768 -32768 275 275 276 276 268 271 266 235 233 186 175 179 157 147 150 157 156 194 205 204 198 191 180 183 192 199 199 208 223 218 216 215 215 216 210 208 201 209 203 195 204 206 202 203 202 200 181 207 235 252 256 260 260 258 261 261 260 259 261 261 -32768 -32768 -32768 -32768 -32768 -32768 -32768 -32768 -32768 -32768 -32768 -32768
246 233 255 255 -32768 -32768 -32768 -32768 -32768 -32768 -32768 -32768 -32768 -32768 -32768 -32768 -32768 -32768 276 277 278 275 270 266 248 241 228 158 156 155 145 150 161 187 201 203 200 192 179 170 181 192 197 206 217 195 199 208 209 210 209 207 202 203 200 199 205 195 193 203 203 207 198 205 218 239 257 261 264 264 263 267 264 259 262 262 -32768 -32768 -32768 -32768 -32768 -32768 -32768 -32768 -32768 -32768 -32768 -32768
240 235 249 252 -32768 -32768 -32768 -32768 -32768 -32768 -32768 -32768 -32768 -32768 -32768 -32768 -32768 -32768 -32768 278 278 278 277 274 264 221 215 213 177 154 150 147 162 181 195 193 206 201 182 176 175 189 202 211 212 194 184 197 203 203 201 201 193 190 199 199 202 197 198 205 193 207 175 165 178 204 255 264 267 268 261 266 266 259 261 262 -32768 -32768 -32768 -32768 -32768 -32768 -32768 -32768 -32768 -32768 -32768 -32768
240 230 228 247 -32768 -32768 -32768 -32768 -32768 -32768 -32768 -32768 -32768 -32768 -32768 -32768 -32768 -32768 -32768 -32768 277 277 275 270 255 249 245 179 151 135 158 148 154 169 163 194 205 195 190 175 179 186 200 206 200 192 189 193 195 195 193 193 189 189 196 199 187 194 208 205 198 206 186 157 188 212 232 265 269 270 259 260 266 265 262 262 -32768 -32768 -32768 -32768 -32768 -32768 -32768 -32768 -32768 -32768 -32768 -32768
241 225 201 243 260 262 -32768 -32768 -32768 -32768 -32768 -32768 -32768 -32768 -32768 -32768 -32768 -32768 -32768 -32768 -32768 275 272 273 270 267 228 198 192 148 176 159 145 147 151 215 187 183 191 182 186 188 198 199 191 188 188 191 193 198 197 194 192 188 191 199 180 194 216 210 213 197 210 173 191 228 223 250 272 272 261 252 262 264 259 262 -32768 -32768 -32768 -32768 -32768 -32768 -32768 -32768 -32768 -32768 -32768 -32768
245 236 206 250 249 257 -32768 -32768 -32768 -32768 -32768 -32768 -32768 -32768 -32768 -32768 -32768 -32768 -32768 -32768 -32768 -32768 274 271 271 266 245 233 218 183 194 182 154 151 172 203 167 169 180 177 177 179 185 189 194 189 190 195 199 201 201 197 195 186 184 193 192 208 217 203 215 207 199 196 202 230 226 252 271 271 248 242 251 261 258 261 -32768 -32768 -32768 -32768 -32768 -32768 -32768 -32768 -32768 -32768 -32768 -32768
248 243 218 250 248 256 -32768 -32768 -32768 -32768 -32768 -32768 -32768 -32768 -32768 -32768 -32768 -32768 -32768 -32768 -32768 -32768 -32768 270 271 269 265 250 245 208 216 186 155 177 202 197 170 180 170 187 174 176 185 190 191 195 196 202 204 203 201 198 196 189 188 187 195 206 227 215 221 218 202 212 202 210 211 262 276 273 251 228 238 256 258 260 -32768 -32768 -32768 -32768 -32768 -32768 -32768 -32768 -32768 -32768 -32768 -32768
-32768 244 232 249 256 259 -32768 -32768 -32768 -32768 -32768 -32768 -32768 -32768 -32768 -32768 -32768 -32768 -32768 -32768 -32768 -32768 -32768 269 270 270 270 268 254 214 233 223 216 202 193 187 156 206 185 172 166 177 181 180 181 195 196 202 204 201 195 193 196 194 188 198 192 197 226 223 223 225 208 226 204 224 207 274 278 276 260 248 244 253 256 259 -32768 -32768 -32768 -32768 -32768 -32768 -32768 -32768 -32768 -32768 -32768 -32768
-32768 250 250 255 -32768 -32768 -32768 -32768 -32768 -32768 -32768 -32768 -32768 -32768 -32768 -32768 -32768 -32768 -32768 -32768 -32768 -32768 -32768 -32768 270 271 272 265 260 246 246 219 222 181 175 185 174 217 188 168 170 184 176 177 182 190 191 198 199 199 192 194 197 195 195 202 206 203 223 225 228 238 227 232 221 250 251 276 280 280 276 266 260 256 256 259 -32768 -32768 -32768 -32768 -32768 -32768 -32768 -32768 -32768 -32768 -32768 -32768
-32768 -32768 -32768 -32768 -32768 -32768 -32768 -32768 -32768 -32768 -32768 -32768 -32768 -32768 -32768 -32768 -32768 -32768 -32768 -32768 -32768 -32768 -32768 -32768 -32768 270 271 271 264 260 241 204 237 195 203 206 177 235 203 178 194 185 171 177 190 188 185 192 195 195 193 193 198 198 200 206 214 206 212 208 225 243 242 238 226 253 259 269 277 281 278 272 266 261 261 260 -32768 -32768 -32768 -32768 -32768 -32768 -32768 -32768 -32768 -32768 -32768 -32768
-32768 -32768 -32768 -32768 -32768 -32768 -32768 -32768 -32768 -32768 -32768 -32768 -32768 -32768 -32768 -32768 -32768 -32768 -32768 -32768 -32768 -32768 -32768 -32768 -32768 -32768 -32768 269 267 268 257 215 234 188 230 216 174 233 214 198 196 185 172 193 193 190 184 187 194 194 193 194 193 197 194 205 213 212 225 218 236 243 244 235 222 245 254 260 270 277 277 272 268 264 262 -32768 -32768 -32768 -32768 -32768 -32768 -32768 -32768 -32768 -32768 -32768 -32768 -32768
